266.000000 114.000000 0.000000 228.000000 0.000000 932.000000 670.000000 90.000000 0.644557
380.000000 95.000000 0.000000 228.000000 0.000000 932.000000 594.000000 28.000000 -0.009725
198.600000 132.400000 0.000000 192.000000 0.000000 978.400000 825.500000 28.000000 -0.531049
190.000000 190.000000 0.000000 228.000000 0.000000 932.000000 670.000000 90.000000 0.353903
139.600000 209.400000 0.000000 192.000000 0.000000 1047.000000 806.900000 90.000000 0.170233
475.000000 0.000000 0.000000 228.000000 0.000000 932.000000 594.000000 180.000000 0.371837
427.500000 47.500000 0.000000 228.000000 0.000000 932.000000 594.000000 180.000000 0.323600
139.600000 209.400000 0.000000 192.000000 0.000000 1047.000000 806.900000 3.000000 -1.765404
380.000000 0.000000 0.000000 228.000000 0.000000 932.000000 670.000000 270.000000 1.032303
304.000000 76.000000 0.000000 228.000000 0.000000 932.000000 670.000000 365.000000 1.153512
198.600000 132.400000 0.000000 192.000000 0.000000 978.400000 825.500000 180.000000 0.316179
190.000000 190.000000 0.000000 228.000000 0.000000 932.000000 670.000000 365.000000 1.056421
237.500000 237.500000 0.000000 228.000000 0.000000 932.000000 594.000000 270.000000 0.111484
427.500000 47.500000 0.000000 228.000000 0.000000 932.000000 594.000000 90.000000 0.305048
427.500000 47.500000 0.000000 228.000000 0.000000 932.000000 594.000000 7.000000 -0.094448
237.500000 237.500000 0.000000 228.000000 0.000000 932.000000 594.000000 7.000000 -0.639889
380.000000 95.000000 0.000000 228.000000 0.000000 932.000000 594.000000 7.000000 -0.234210
190.000000 190.000000 0.000000 228.000000 0.000000 932.000000 670.000000 180.000000 0.638373
304.000000 76.000000 0.000000 228.000000 0.000000 932.000000 670.000000 90.000000 0.778135
139.600000 209.400000 0.000000 192.000000 0.000000 1047.000000 806.900000 7.000000 -1.361579
198.600000 132.400000 0.000000 192.000000 0.000000 978.400000 825.500000 3.000000 -1.699233
304.000000 76.000000 0.000000 228.000000 0.000000 932.000000 670.000000 180.000000 0.886976
310.000000 0.000000 0.000000 192.000000 0.000000 971.000000 850.600000 3.000000 -1.653471
332.500000 142.500000 0.000000 228.000000 0.000000 932.000000 594.000000 7.000000 -0.391287
425.000000 106.300000 0.000000 153.500000 16.500000 852.100000 887.100000 3.000000 -0.198342
469.000000 117.200000 0.000000 137.800000 32.200000 852.100000 840.500000 3.000000 0.222180
389.900000 189.000000 0.000000 145.900000 22.000000 944.700000 755.800000 3.000000 0.246917
375.000000 93.800000 0.000000 126.600000 23.400000 852.100000 992.600000 7.000000 0.562308
531.300000 0.000000 0.000000 141.800000 28.200000 852.100000 893.700000 7.000000 0.636518
425.000000 106.300000 0.000000 153.500000 16.500000 852.100000 887.100000 7.000000 0.778753
323.700000 282.800000 0.000000 183.800000 10.300000 942.700000 659.900000 7.000000 0.815858
439.000000 177.000000 0.000000 186.000000 11.100000 884.900000 707.900000 7.000000 1.205459
362.600000 189.000000 0.000000 164.900000 11.600000 944.700000 755.800000 7.000000 -0.847677
374.000000 189.200000 0.000000 170.100000 10.100000 926.100000 756.700000 28.000000 1.514048
425.000000 106.300000 0.000000 151.400000 18.600000 936.000000 803.700000 28.000000 1.557955
388.600000 97.100000 0.000000 157.900000 12.100000 852.100000 925.700000 28.000000 0.871515
425.000000 106.300000 0.000000 153.500000 16.500000 852.100000 887.100000 28.000000 1.464575
362.600000 189.000000 0.000000 164.900000 11.600000 944.700000 755.800000 28.000000 2.145449
286.300000 200.900000 0.000000 144.700000 11.200000 1004.600000 803.700000 28.000000 1.922820
362.600000 189.000000 0.000000 164.900000 11.600000 944.700000 755.800000 28.000000 2.145449
374.000000 189.200000 0.000000 170.100000 10.100000 926.100000 756.700000 56.000000 1.656902
375.000000 93.800000 0.000000 126.600000 23.400000 852.100000 992.600000 56.000000 1.459009
469.000000 117.200000 0.000000 137.800000 32.200000 852.100000 840.500000 56.000000 2.021766
531.300000 0.000000 0.000000 141.800000 28.200000 852.100000 893.700000 56.000000 1.372431
425.000000 106.300000 0.000000 153.500000 16.500000 852.100000 887.100000 56.000000 1.712559
401.800000 94.700000 0.000000 147.400000 11.400000 946.800000 852.100000 56.000000 2.293869
337.900000 189.000000 0.000000 174.900000 9.500000 944.700000 755.800000 56.000000 1.439838
374.000000 189.200000 0.000000 170.100000 10.100000 926.100000 756.700000 91.000000 1.749664
388.600000 97.100000 0.000000 157.900000 12.100000 852.100000 925.700000 91.000000 1.298221
362.600000 189.000000 0.000000 164.900000 11.600000 944.700000 755.800000 91.000000 2.640181
362.600000 189.000000 0.000000 164.900000 11.600000 944.700000 755.800000 91.000000 2.640181
286.300000 200.900000 0.000000 144.700000 11.200000 1004.600000 803.700000 91.000000 2.485577
362.600000 189.000000 0.000000 164.900000 11.600000 944.700000 755.800000 91.000000 2.640181
337.900000 189.000000 0.000000 174.900000 9.500000 944.700000 755.800000 91.000000 1.929004
222.400000 0.000000 96.700000 189.300000 4.500000 967.100000 870.300000 56.000000 -0.442615
194.700000 0.000000 100.500000 165.600000 7.500000 1006.400000 905.900000 28.000000 -0.673284
190.700000 0.000000 125.400000 162.100000 7.800000 1090.000000 804.000000 3.000000 -1.333750
190.700000 0.000000 125.400000 162.100000 7.800000 1090.000000 804.000000 14.000000 -0.961465
190.700000 0.000000 125.400000 162.100000 7.800000 1090.000000 804.000000 56.000000 -0.078369
212.100000 0.000000 121.600000 180.300000 5.700000 1057.600000 779.300000 3.000000 -1.492683
212.100000 0.000000 121.600000 180.300000 5.700000 1057.600000 779.300000 14.000000 -0.970123
230.000000 0.000000 118.300000 195.500000 4.600000 1029.400000 758.600000 100.000000 -0.078369
190.300000 0.000000 125.200000 161.900000 9.900000 1088.100000 802.600000 14.000000 -0.858808
190.300000 0.000000 125.200000 161.900000 9.900000 1088.100000 802.600000 56.000000 0.120760
190.300000 0.000000 125.200000 161.900000 9.900000 1088.100000 802.600000 100.000000 0.233930
166.100000 0.000000 163.300000 176.500000 4.500000 1058.600000 780.100000 14.000000 -0.688126
166.100000 0.000000 163.300000 176.500000 4.500000 1058.600000 780.100000 28.000000 -0.931781
166.100000 0.000000 163.300000 176.500000 4.500000 1058.600000 780.100000 56.000000 -0.493325
168.000000 42.100000 163.800000 121.800000 5.700000 1058.700000 780.100000 3.000000 -1.784575
168.000000 42.100000 163.800000 121.800000 5.700000 1058.700000 780.100000 14.000000 -1.161831
168.000000 42.100000 163.800000 121.800000 5.700000 1058.700000 780.100000 100.000000 0.162194
213.700000 98.100000 24.500000 181.700000 6.900000 1065.800000 785.400000 56.000000 0.875844
213.800000 98.100000 24.500000 181.700000 6.700000 1066.000000 785.500000 28.000000 0.224035
213.800000 98.100000 24.500000 181.700000 6.700000 1066.000000 785.500000 100.000000 0.826371
238.100000 0.000000 94.100000 186.700000 7.000000 949.900000 847.000000 3.000000 -1.031346
238.100000 0.000000 94.100000 186.700000 7.000000 949.900000 847.000000 28.000000 -0.394379
238.100000 0.000000 94.100000 186.700000 7.000000 949.900000 847.000000 56.000000 0.184457
238.100000 0.000000 94.100000 186.700000 7.000000 949.900000 847.000000 100.000000 0.475730
250.000000 0.000000 95.700000 187.400000 5.500000 956.900000 861.200000 3.000000 -1.409197
250.000000 0.000000 95.700000 187.400000 5.500000 956.900000 861.200000 14.000000 -0.722757
212.500000 0.000000 100.400000 159.300000 8.700000 1007.800000 903.600000 14.000000 -0.636797
212.500000 0.000000 100.400000 159.300000 8.700000 1007.800000 903.600000 56.000000 0.367508
212.600000 0.000000 100.400000 159.400000 10.400000 1003.800000 903.800000 3.000000 -1.439499
212.600000 0.000000 100.400000 159.400000 10.400000 1003.800000 903.800000 28.000000 0.049024
212.000000 0.000000 124.800000 159.000000 7.800000 1085.400000 799.500000 3.000000 -1.056701
212.000000 0.000000 124.800000 159.000000 7.800000 1085.400000 799.500000 14.000000 -0.325117
212.000000 0.000000 124.800000 159.000000 7.800000 1085.400000 799.500000 28.000000 0.117050
231.800000 0.000000 121.600000 174.000000 6.700000 1056.400000 778.500000 14.000000 -0.608350
231.800000 0.000000 121.600000 174.000000 6.700000 1056.400000 778.500000 100.000000 0.570966
251.400000 0.000000 118.300000 188.500000 5.800000 1028.400000 757.700000 56.000000 0.022432
251.400000 0.000000 118.300000 188.500000 6.400000 1028.400000 757.700000 3.000000 -1.452486
251.400000 0.000000 118.300000 188.500000 6.400000 1028.400000 757.700000 28.000000 -0.244104
181.400000 0.000000 167.000000 169.600000 7.600000 1055.600000 777.800000 3.000000 -1.421565
181.400000 0.000000 167.000000 169.600000 7.600000 1055.600000 777.800000 28.000000 -0.546509
182.000000 45.200000 122.000000 170.200000 8.200000 1059.400000 780.700000 56.000000 0.426257
168.900000 42.200000 124.300000 158.300000 10.800000 1080.800000 796.200000 28.000000 -0.339340
290.400000 0.000000 96.200000 168.100000 9.400000 961.200000 865.000000 3.000000 -0.872413
290.400000 0.000000 96.200000 168.100000 9.400000 961.200000 865.000000 14.000000 -0.119803
277.100000 0.000000 97.400000 160.600000 11.800000 973.900000 875.600000 56.000000 0.892541
295.700000 0.000000 95.600000 171.500000 8.900000 955.100000 859.200000 14.000000 -0.085172
295.700000 0.000000 95.600000 171.500000 8.900000 955.100000 859.200000 100.000000 0.954383
251.800000 0.000000 99.900000 146.100000 12.400000 1006.000000 899.800000 14.000000 -0.200815
251.800000 0.000000 99.900000 146.100000 12.400000 1006.000000 899.800000 28.000000 -0.164947
251.800000 0.000000 99.900000 146.100000 12.400000 1006.000000 899.800000 56.000000 0.465836
251.800000 0.000000 99.900000 146.100000 12.400000 1006.000000 899.800000 100.000000 0.541901
249.100000 0.000000 98.800000 158.100000 12.800000 987.800000 889.000000 14.000000 -0.490233
249.100000 0.000000 98.800000 158.100000 12.800000 987.800000 889.000000 28.000000 -0.356037
249.100000 0.000000 98.800000 158.100000 12.800000 987.800000 889.000000 100.000000 0.893778
252.300000 0.000000 98.800000 146.300000 14.200000 987.800000 889.000000 56.000000 1.188762
252.300000 0.000000 98.800000 146.300000 14.200000 987.800000 889.000000 100.000000 1.505390
246.800000 0.000000 125.100000 143.300000 12.000000 1086.800000 800.900000 3.000000 -0.809335
246.800000 0.000000 125.100000 143.300000 12.000000 1086.800000 800.900000 28.000000 0.982830
275.100000 0.000000 121.400000 159.500000 9.900000 1053.600000 777.500000 56.000000 1.251840
275.100000 0.000000 121.400000 159.500000 9.900000 1053.600000 777.500000 100.000000 1.360681
297.200000 0.000000 117.500000 174.800000 9.500000 1022.800000 753.500000 56.000000 0.949436
297.200000 0.000000 117.500000 174.800000 9.500000 1022.800000 753.500000 100.000000 1.245038
213.700000 0.000000 174.700000 154.800000 10.200000 1053.500000 776.400000 3.000000 -1.177292
213.700000 0.000000 174.700000 154.800000 10.200000 1053.500000 776.400000 56.000000 0.620439
213.700000 0.000000 174.700000 154.800000 10.200000 1053.500000 776.400000 100.000000 0.833174
213.500000 0.000000 174.200000 154.600000 11.700000 1052.300000 775.500000 28.000000 0.577150
213.500000 0.000000 174.200000 154.600000 11.700000 1052.300000 775.500000 56.000000 0.916660
213.500000 0.000000 174.200000 154.600000 11.700000 1052.300000 775.500000 100.000000 1.403352
218.200000 54.600000 123.800000 140.800000 11.900000 1075.700000 792.700000 28.000000 1.168973
218.200000 54.600000 123.800000 140.800000 11.900000 1075.700000 792.700000 100.000000 1.664941
214.900000 53.800000 121.900000 155.600000 9.600000 1014.300000 780.600000 3.000000 -1.149463
214.900000 53.800000 121.900000 155.600000 9.600000 1014.300000 780.600000 14.000000 0.123234
214.900000 53.800000 121.900000 155.600000 9.600000 1014.300000 780.600000 28.000000 0.964278
218.900000 0.000000 124.100000 158.500000 11.300000 1078.700000 794.900000 14.000000 -0.652876
376.000000 0.000000 0.000000 214.600000 0.000000 1003.500000 762.400000 3.000000 -1.257067
376.000000 0.000000 0.000000 214.600000 0.000000 1003.500000 762.400000 100.000000 0.399047
315.000000 137.000000 0.000000 145.000000 5.900000 1130.000000 745.000000 28.000000 2.791692
505.000000 0.000000 60.000000 195.000000 0.000000 1030.000000 630.000000 28.000000 1.695243
451.000000 0.000000 0.000000 165.000000 11.300000 1030.000000 745.000000 28.000000 2.609260
516.000000 0.000000 0.000000 162.000000 8.200000 801.000000 802.000000 28.000000 0.294535
520.000000 0.000000 0.000000 175.000000 5.200000 870.000000 805.000000 28.000000 0.891305
500.100000 0.000000 0.000000 200.000000 3.000000 1124.400000 613.200000 28.000000 0.465217
333.000000 17.500000 163.000000 167.000000 17.900000 996.000000 652.000000 28.000000 0.660018
405.000000 0.000000 0.000000 175.000000 0.000000 1120.000000 695.000000 28.000000 0.970462
234.000000 156.000000 0.000000 189.000000 5.900000 981.000000 760.000000 28.000000 0.166523
172.400000 13.600000 172.400000 156.800000 4.100000 1006.300000 856.400000 3.000000 -0.947241
173.500000 50.100000 173.500000 164.800000 6.500000 1006.200000 793.500000 3.000000 -0.836545
167.000000 75.400000 167.000000 164.000000 7.900000 1007.300000 770.100000 3.000000 -1.304067
190.300000 0.000000 125.200000 166.600000 9.900000 1079.000000 798.900000 3.000000 -1.487736
178.000000 129.800000 118.600000 179.900000 3.600000 1007.300000 746.800000 14.000000 -0.146395
173.500000 50.100000 173.500000 164.800000 6.500000 1006.200000 793.500000 14.000000 -0.222460
167.000000 75.400000 167.000000 164.000000 7.900000 1007.300000 770.100000 14.000000 -0.229262
173.800000 93.400000 159.900000 172.300000 9.700000 1007.200000 746.600000 14.000000 -0.436431
190.300000 0.000000 125.200000 166.600000 9.900000 1079.000000 798.900000 14.000000 -1.062885
250.000000 0.000000 95.700000 191.800000 5.300000 948.900000 857.200000 14.000000 -0.738836
165.000000 128.500000 132.100000 175.100000 8.100000 1005.800000 746.600000 28.000000 0.604979
178.000000 129.800000 118.600000 179.900000 3.600000 1007.300000 746.800000 28.000000 0.157865
167.400000 129.900000 128.600000 175.500000 7.800000 1006.300000 746.600000 28.000000 0.284022
172.400000 13.600000 172.400000 156.800000 4.100000 1006.300000 856.400000 28.000000 -0.180408
251.400000 0.000000 118.300000 192.900000 5.800000 1043.600000 754.300000 28.000000 -0.206381
167.400000 129.900000 128.600000 175.500000 7.800000 1006.300000 746.600000 56.000000 0.934594
190.300000 0.000000 125.200000 166.600000 9.900000 1079.000000 798.900000 56.000000 -0.302235
250.000000 0.000000 95.700000 191.800000 5.300000 948.900000 857.200000 56.000000 0.187549
213.500000 0.000000 174.200000 159.200000 11.700000 1043.600000 771.900000 56.000000 0.906147
251.400000 0.000000 118.300000 192.900000 5.800000 1043.600000 754.300000 56.000000 0.164668
165.000000 0.000000 143.600000 163.800000 0.000000 1005.600000 900.900000 100.000000 0.083655
172.400000 13.600000 172.400000 156.800000 4.100000 1006.300000 856.400000 100.000000 0.066340
173.500000 50.100000 173.500000 164.800000 6.500000 1006.200000 793.500000 100.000000 1.202986
173.800000 93.400000 159.900000 172.300000 9.700000 1007.200000 746.600000 100.000000 0.886357
213.500000 0.000000 174.200000 159.200000 11.700000 1043.600000 771.900000 100.000000 1.011277
194.700000 0.000000 100.500000 170.200000 7.500000 998.000000 901.800000 100.000000 0.474493
251.400000 0.000000 118.300000 192.900000 5.800000 1043.600000 754.300000 100.000000 0.219088
446.000000 24.000000 79.000000 162.000000 11.600000 967.000000 712.000000 28.000000 1.262972
446.000000 24.000000 79.000000 162.000000 11.600000 967.000000 712.000000 28.000000 0.483151
446.000000 24.000000 79.000000 162.000000 11.600000 967.000000 712.000000 28.000000 0.891305
446.000000 24.000000 79.000000 162.000000 10.300000 967.000000 712.000000 28.000000 1.037869
446.000000 24.000000 79.000000 162.000000 11.600000 967.000000 712.000000 3.000000 -0.077132
446.000000 24.000000 79.000000 162.000000 11.600000 967.000000 712.000000 56.000000 1.152894
446.000000 24.000000 79.000000 162.000000 10.300000 967.000000 712.000000 56.000000 1.123210
387.000000 20.000000 94.000000 157.000000 13.900000 938.000000 845.000000 28.000000 0.622913
387.000000 20.000000 94.000000 157.000000 11.600000 938.000000 845.000000 3.000000 -0.113619
355.000000 19.000000 97.000000 145.000000 13.100000 967.000000 871.000000 28.000000 0.459033
491.000000 26.000000 123.000000 210.000000 3.900000 882.000000 699.000000 3.000000 -0.680086
491.000000 26.000000 123.000000 210.000000 3.900000 882.000000 699.000000 7.000000 -0.192776
424.000000 22.000000 132.000000 168.000000 8.900000 822.000000 750.000000 28.000000 2.194922
424.000000 22.000000 132.000000 178.000000 8.500000 822.000000 750.000000 7.000000 0.147971
424.000000 22.000000 132.000000 178.000000 8.500000 822.000000 750.000000 56.000000 1.799137
202.000000 11.000000 141.000000 206.000000 1.700000 942.000000 801.000000 3.000000 -1.654707
284.000000 15.000000 141.000000 179.000000 5.500000 842.000000 801.000000 3.000000 -1.435170
284.000000 15.000000 141.000000 179.000000 5.500000 842.000000 801.000000 7.000000 -0.771612
284.000000 15.000000 141.000000 179.000000 5.500000 842.000000 801.000000 56.000000 0.489335
359.000000 19.000000 141.000000 154.000000 10.900000 942.000000 801.000000 7.000000 0.123852
359.000000 19.000000 141.000000 154.000000 10.900000 942.000000 801.000000 56.000000 1.987753
436.000000 0.000000 0.000000 218.000000 0.000000 838.400000 719.700000 28.000000 -0.788927
289.000000 0.000000 0.000000 192.000000 0.000000 913.200000 895.300000 90.000000 -0.280591
393.000000 0.000000 0.000000 192.000000 0.000000 940.600000 785.600000 90.000000 0.757109
480.000000 0.000000 0.000000 192.000000 0.000000 936.200000 712.200000 28.000000 0.453467
289.000000 0.000000 0.000000 192.000000 0.000000 913.200000 895.300000 7.000000 -1.360961
238.200000 158.800000 0.000000 185.700000 0.000000 1040.600000 734.300000 7.000000 -1.293553
272.800000 181.900000 0.000000 185.700000 0.000000 1012.400000 714.300000 7.000000 -1.041240
220.800000 147.200000 0.000000 185.700000 0.000000 1055.000000 744.300000 28.000000 -0.671429
382.500000 0.000000 0.000000 185.700000 0.000000 1047.800000 739.300000 7.000000 -0.775322
210.700000 316.100000 0.000000 185.700000 0.000000 977.000000 689.300000 7.000000 -0.914465
295.800000 0.000000 0.000000 185.700000 0.000000 1091.400000 769.300000 28.000000 -0.704205
228.000000 342.100000 0.000000 185.700000 0.000000 955.800000 674.300000 28.000000 0.191260
135.700000 203.500000 0.000000 185.700000 0.000000 1076.200000 759.300000 7.000000 -1.799416
181.900000 272.800000 0.000000 185.700000 0.000000 1012.400000 714.300000 7.000000 -1.498867
290.200000 193.500000 0.000000 185.700000 0.000000 998.200000 704.300000 28.000000 -0.220604
252.500000 0.000000 0.000000 185.700000 0.000000 1111.600000 784.300000 28.000000 -1.041240
339.000000 0.000000 0.000000 197.000000 0.000000 968.000000 781.000000 90.000000 -0.088882
339.000000 0.000000 0.000000 197.000000 0.000000 968.000000 781.000000 180.000000 -0.009725
236.000000 0.000000 0.000000 194.000000 0.000000 968.000000 885.000000 14.000000 -1.469802
236.000000 0.000000 0.000000 194.000000 0.000000 968.000000 885.000000 28.000000 -1.124726
236.000000 0.000000 0.000000 193.000000 0.000000 968.000000 885.000000 180.000000 -0.773467
277.000000 0.000000 0.000000 191.000000 0.000000 968.000000 856.000000 360.000000 -0.179789
254.000000 0.000000 0.000000 198.000000 0.000000 968.000000 863.000000 3.000000 -1.688102
307.000000 0.000000 0.000000 193.000000 0.000000 968.000000 812.000000 180.000000 -0.130934
307.000000 0.000000 0.000000 193.000000 0.000000 968.000000 812.000000 28.000000 -0.561351
325.000000 0.000000 0.000000 184.000000 0.000000 1063.000000 783.000000 7.000000 -1.179147
275.000000 0.000000 0.000000 183.000000 0.000000 1088.000000 808.000000 7.000000 -1.385697
375.000000 0.000000 0.000000 186.000000 0.000000 1038.000000 758.000000 7.000000 -0.652258
350.000000 0.000000 0.000000 186.000000 0.000000 1050.000000 770.000000 7.000000 -1.009701
157.000000 236.000000 0.000000 192.000000 0.000000 935.400000 781.200000 90.000000 0.418836
183.900000 122.600000 0.000000 203.500000 0.000000 959.200000 800.000000 3.000000 -1.960823
166.800000 250.200000 0.000000 203.500000 0.000000 975.600000 692.600000 28.000000 -0.164329
157.000000 236.000000 0.000000 192.000000 0.000000 935.400000 781.200000 28.000000 -0.182263
173.000000 116.000000 0.000000 192.000000 0.000000 946.800000 856.800000 7.000000 -1.559472
305.300000 203.500000 0.000000 203.500000 0.000000 965.400000 631.000000 28.000000 0.418836
173.000000 116.000000 0.000000 192.000000 0.000000 946.800000 856.800000 3.000000 -1.834666
236.000000 157.000000 0.000000 192.000000 0.000000 972.600000 749.100000 3.000000 -1.424657
183.900000 122.600000 0.000000 203.500000 0.000000 959.200000 800.000000 90.000000 -0.252144
183.900000 122.600000 0.000000 203.500000 0.000000 959.200000 800.000000 28.000000 -0.776559
133.000000 200.000000 0.000000 192.000000 0.000000 927.400000 839.200000 90.000000 -0.001067
192.000000 288.000000 0.000000 192.000000 0.000000 929.800000 716.100000 90.000000 0.873371
212.000000 141.300000 0.000000 203.500000 0.000000 973.400000 750.000000 90.000000 0.191260
108.300000 162.400000 0.000000 203.500000 0.000000 938.200000 849.000000 7.000000 -1.786430
288.000000 192.000000 0.000000 192.000000 0.000000 932.000000 717.800000 90.000000 0.861002
122.600000 183.900000 0.000000 203.500000 0.000000 958.200000 800.100000 3.000000 -2.058532
192.000000 288.000000 0.000000 192.000000 0.000000 929.800000 716.100000 7.000000 -0.935492
157.000000 236.000000 0.000000 192.000000 0.000000 935.400000 781.200000 3.000000 -1.664602
141.300000 212.000000 0.000000 203.500000 0.000000 971.800000 748.500000 90.000000 0.188786
116.000000 173.000000 0.000000 192.000000 0.000000 909.800000 891.900000 7.000000 -1.639866
310.000000 0.000000 0.000000 192.000000 0.000000 1012.000000 830.000000 28.000000 -0.542798
331.000000 0.000000 0.000000 192.000000 0.000000 1025.000000 821.000000 7.000000 -1.185331
331.000000 0.000000 0.000000 192.000000 0.000000 1025.000000 821.000000 90.000000 0.080563
349.000000 0.000000 0.000000 192.000000 0.000000 1056.000000 809.000000 120.000000 0.262996
238.000000 0.000000 0.000000 186.000000 0.000000 1119.000000 789.000000 28.000000 -1.179147
296.000000 0.000000 0.000000 186.000000 0.000000 1090.000000 769.000000 28.000000 -0.706678
500.000000 0.000000 0.000000 200.000000 0.000000 1125.000000 613.000000 14.000000 0.020577
500.000000 0.000000 0.000000 200.000000 0.000000 1125.000000 613.000000 28.000000 0.462743
540.000000 0.000000 0.000000 173.000000 0.000000 1125.000000 613.000000 14.000000 1.431799
540.000000 0.000000 0.000000 173.000000 0.000000 1125.000000 613.000000 90.000000 2.044029
350.000000 0.000000 0.000000 203.000000 0.000000 974.000000 775.000000 56.000000 -0.409839
350.000000 0.000000 0.000000 203.000000 0.000000 974.000000 775.000000 90.000000 -0.325117
385.000000 0.000000 0.000000 186.000000 0.000000 966.000000 763.000000 7.000000 -0.827887
385.000000 0.000000 0.000000 186.000000 0.000000 966.000000 763.000000 14.000000 -0.537233
339.000000 0.000000 0.000000 185.000000 0.000000 1069.000000 754.000000 28.000000 -0.294814
238.000000 0.000000 0.000000 185.000000 0.000000 1118.000000 789.000000 28.000000 -1.179147
296.000000 0.000000 0.000000 192.000000 0.000000 1085.000000 765.000000 28.000000 -0.924978
331.000000 0.000000 0.000000 192.000000 0.000000 879.000000 825.000000 3.000000 -1.427749
331.000000 0.000000 0.000000 192.000000 0.000000 978.000000 825.000000 28.000000 -0.318932
331.000000 0.000000 0.000000 192.000000 0.000000 978.000000 825.000000 90.000000 0.038511
349.000000 0.000000 0.000000 192.000000 0.000000 1047.000000 806.000000 28.000000 -0.240394
349.000000 0.000000 0.000000 192.000000 0.000000 1047.000000 806.000000 180.000000 0.274745
302.000000 0.000000 0.000000 203.000000 0.000000 974.000000 817.000000 180.000000 -0.610206
500.000000 0.000000 0.000000 200.000000 0.000000 1125.000000 613.000000 270.000000 1.147328
540.000000 0.000000 0.000000 173.000000 0.000000 1125.000000 613.000000 3.000000 0.311232
382.000000 0.000000 0.000000 185.000000 0.000000 1047.000000 739.000000 28.000000 0.050261
252.000000 0.000000 0.000000 185.000000 0.000000 1111.000000 784.000000 28.000000 -1.046188
310.000000 0.000000 0.000000 192.000000 0.000000 970.000000 850.000000 7.000000 -1.336842
525.000000 0.000000 0.000000 189.000000 0.000000 1125.000000 613.000000 7.000000 0.359468
525.000000 0.000000 0.000000 189.000000 0.000000 1125.000000 613.000000 14.000000 0.729280
525.000000 0.000000 0.000000 189.000000 0.000000 1125.000000 613.000000 28.000000 1.195565
525.000000 0.000000 0.000000 189.000000 0.000000 1125.000000 613.000000 270.000000 1.886333
397.000000 0.000000 0.000000 185.000000 0.000000 1040.000000 734.000000 28.000000 0.153536
480.000000 0.000000 0.000000 192.000000 0.000000 936.000000 721.000000 3.000000 -0.755533
522.000000 0.000000 0.000000 146.000000 0.000000 896.000000 896.000000 7.000000 0.859766
154.000000 144.000000 112.000000 220.000000 10.000000 923.000000 658.000000 28.000000 -1.243462
147.000000 115.000000 89.000000 202.000000 9.000000 860.000000 829.000000 28.000000 -1.027635
374.000000 0.000000 0.000000 190.000000 7.000000 1013.000000 730.000000 28.000000 0.151063
153.000000 239.000000 0.000000 200.000000 6.000000 1002.000000 684.000000 28.000000 -0.602785
305.000000 0.000000 100.000000 196.000000 10.000000 959.000000 705.000000 28.000000 -0.401181
151.000000 0.000000 184.000000 167.000000 12.000000 991.000000 772.000000 28.000000 -1.300974
142.000000 167.000000 130.000000 174.000000 11.000000 883.000000 785.000000 28.000000 0.494901
298.000000 137.000000 107.000000 201.000000 6.000000 878.000000 655.000000 28.000000 1.045908
366.000000 187.000000 0.000000 191.000000 7.000000 824.000000 757.000000 28.000000 1.812124
287.000000 121.000000 94.000000 188.000000 9.000000 904.000000 696.000000 28.000000 0.329784
326.000000 166.000000 0.000000 174.000000 9.000000 882.000000 790.000000 28.000000 1.522706
356.000000 0.000000 142.000000 193.000000 11.000000 801.000000 778.000000 28.000000 0.263614
314.000000 0.000000 113.000000 170.000000 10.000000 925.000000 783.000000 28.000000 0.114576
140.000000 164.000000 128.000000 237.000000 6.000000 869.000000 656.000000 28.000000 -0.085172
298.000000 0.000000 107.000000 210.000000 11.000000 880.000000 744.000000 28.000000 -0.292959
313.000000 0.000000 113.000000 178.000000 8.000000 1002.000000 689.000000 28.000000 0.011919
155.000000 183.000000 0.000000 193.000000 9.000000 1047.000000 697.000000 28.000000 -1.133384
149.000000 236.000000 0.000000 176.000000 13.000000 847.000000 893.000000 28.000000 -0.225552
300.000000 0.000000 120.000000 212.000000 10.000000 878.000000 728.000000 28.000000 -0.789546
143.000000 169.000000 143.000000 191.000000 8.000000 967.000000 643.000000 28.000000 -0.425918
284.000000 120.000000 0.000000 168.000000 7.000000 970.000000 794.000000 28.000000 0.267325
336.000000 0.000000 0.000000 182.000000 3.000000 986.000000 817.000000 28.000000 0.510361
145.000000 0.000000 134.000000 181.000000 11.000000 979.000000 812.000000 28.000000 -1.447539
150.000000 237.000000 0.000000 174.000000 12.000000 1069.000000 675.000000 28.000000 0.050879
146.000000 173.000000 0.000000 182.000000 3.000000 986.000000 817.000000 28.000000 -0.795730
144.000000 136.000000 106.000000 178.000000 7.000000 941.000000 774.000000 28.000000 -0.647310
313.000000 145.000000 0.000000 178.000000 8.000000 1002.000000 689.000000 28.000000 0.274745
313.000000 0.000000 0.000000 178.000000 8.000000 1000.000000 822.000000 28.000000 -0.711626
136.000000 162.000000 126.000000 172.000000 10.000000 923.000000 764.000000 28.000000 -0.466115
255.000000 99.000000 77.000000 189.000000 6.000000 919.000000 749.000000 28.000000 -0.173605
164.000000 163.000000 128.000000 197.000000 8.000000 961.000000 641.000000 28.000000 -0.579903
157.000000 214.000000 152.000000 200.000000 9.000000 819.000000 704.000000 28.000000 -0.219986
135.000000 105.000000 193.000000 196.000000 6.000000 965.000000 643.000000 28.000000 -0.908900
154.000000 174.000000 185.000000 228.000000 7.000000 845.000000 612.000000 28.000000 -0.758625
167.000000 187.000000 195.000000 185.000000 7.000000 898.000000 636.000000 28.000000 -0.786454
156.000000 178.000000 187.000000 221.000000 7.000000 854.000000 614.000000 28.000000 -0.445089
145.900000 230.500000 0.000000 202.500000 3.400000 827.000000 871.800000 28.000000 -0.240394
153.100000 145.000000 113.000000 178.500000 8.000000 1001.900000 688.700000 28.000000 -0.683178
153.100000 145.000000 113.000000 178.500000 8.000000 867.200000 824.000000 28.000000 -0.641745
326.500000 0.000000 137.900000 199.000000 10.800000 801.100000 792.500000 28.000000 0.125089
272.600000 0.000000 89.600000 198.700000 10.600000 931.300000 762.200000 28.000000 -0.269459
149.000000 117.600000 91.700000 182.900000 7.100000 953.400000 780.300000 28.000000 -0.809335
143.000000 169.400000 142.700000 190.700000 8.400000 967.400000 643.500000 28.000000 -0.425300
284.000000 119.700000 0.000000 168.300000 7.200000 970.400000 794.200000 28.000000 0.267325
144.800000 0.000000 133.600000 180.800000 11.100000 979.500000 811.500000 28.000000 -1.447539
150.000000 236.800000 0.000000 173.800000 11.900000 1069.300000 674.800000 28.000000 0.050879
143.700000 170.200000 132.600000 191.600000 8.500000 814.100000 805.300000 28.000000 -0.416642
154.800000 0.000000 142.800000 193.300000 9.100000 1047.400000 696.700000 28.000000 -1.493301
154.800000 183.400000 0.000000 193.300000 9.100000 877.200000 867.700000 28.000000 -0.792638
266.200000 112.300000 87.500000 177.900000 10.400000 909.700000 744.500000 28.000000 0.173944
314.000000 145.300000 113.200000 178.900000 8.000000 869.100000 690.200000 28.000000 0.595084
145.700000 172.600000 0.000000 181.900000 3.400000 985.800000 816.800000 28.000000 -0.795730
313.300000 145.000000 0.000000 178.500000 8.000000 1001.900000 688.700000 28.000000 0.274745
145.400000 0.000000 178.900000 201.700000 7.800000 824.000000 868.700000 28.000000 -1.612037
136.400000 161.600000 125.800000 171.600000 10.400000 922.600000 764.400000 28.000000 -0.466115
162.000000 190.100000 148.100000 178.800000 18.800000 838.100000 741.400000 28.000000 -0.176079
153.600000 144.200000 112.300000 220.100000 10.100000 923.200000 657.900000 28.000000 -1.243462
146.500000 114.600000 89.300000 201.900000 8.800000 860.000000 829.500000 28.000000 -1.027635
151.800000 178.100000 138.700000 167.500000 18.300000 944.000000 694.600000 28.000000 -0.015909
309.900000 142.800000 111.200000 167.800000 22.100000 913.900000 651.200000 28.000000 0.099734
143.600000 0.000000 174.900000 158.400000 17.900000 942.700000 844.500000 28.000000 -1.310251
310.000000 142.800000 0.000000 167.900000 10.000000 914.300000 804.000000 28.000000 0.537572
321.300000 164.200000 0.000000 190.500000 4.600000 870.000000 774.000000 28.000000 1.274722
366.000000 187.000000 0.000000 191.300000 6.600000 824.300000 756.900000 28.000000 1.812124
252.100000 97.100000 75.600000 193.800000 8.300000 835.500000 821.400000 28.000000 -0.198342
164.600000 0.000000 150.400000 181.600000 11.700000 1023.300000 728.900000 28.000000 -1.148845
355.900000 0.000000 141.600000 193.300000 11.000000 801.400000 778.400000 28.000000 0.263614
321.400000 0.000000 127.900000 182.500000 11.500000 870.100000 779.700000 28.000000 0.040985
288.400000 121.000000 0.000000 177.400000 7.000000 907.900000 829.500000 28.000000 0.342153
298.200000 0.000000 107.000000 209.700000 11.100000 879.600000 744.200000 28.000000 -0.292341
264.500000 111.000000 86.500000 195.500000 5.900000 832.600000 790.400000 28.000000 0.305048
159.100000 186.700000 0.000000 175.600000 11.300000 989.600000 788.900000 28.000000 -0.237302
