540.000000 0.000000 0.000000 162.000000 2.500000 1040.000000 676.000000 28.000000 2.758224
540.000000 0.000000 0.000000 162.000000 2.500000 1055.000000 676.000000 28.000000 1.652109
139.600000 209.400000 0.000000 192.000000 0.000000 1047.000000 806.900000 90.000000 0.275270
380.000000 0.000000 0.000000 228.000000 0.000000 932.000000 670.000000 270.000000 1.127162
266.000000 114.000000 0.000000 228.000000 0.000000 932.000000 670.000000 365.000000 1.103329
475.000000 0.000000 0.000000 228.000000 0.000000 932.000000 594.000000 270.000000 0.444549
237.500000 237.500000 0.000000 228.000000 0.000000 932.000000 594.000000 270.000000 0.217214
237.500000 237.500000 0.000000 228.000000 0.000000 932.000000 594.000000 180.000000 0.085214
380.000000 0.000000 0.000000 228.000000 0.000000 932.000000 670.000000 180.000000 1.114940
427.500000 47.500000 0.000000 228.000000 0.000000 932.000000 594.000000 90.000000 0.408493
237.500000 237.500000 0.000000 228.000000 0.000000 932.000000 594.000000 7.000000 -0.525289
380.000000 95.000000 0.000000 228.000000 0.000000 932.000000 594.000000 7.000000 -0.124398
304.000000 76.000000 0.000000 228.000000 0.000000 932.000000 670.000000 90.000000 0.875995
198.600000 132.400000 0.000000 192.000000 0.000000 978.400000 825.500000 3.000000 -1.572126
310.000000 0.000000 0.000000 192.000000 0.000000 971.000000 850.600000 3.000000 -1.526904
332.500000 142.500000 0.000000 228.000000 0.000000 932.000000 594.000000 7.000000 -0.279621
190.000000 190.000000 0.000000 228.000000 0.000000 932.000000 670.000000 28.000000 0.366937
425.000000 106.300000 0.000000 153.500000 16.500000 852.100000 887.100000 3.000000 -0.088954
375.000000 93.800000 0.000000 126.600000 23.400000 852.100000 992.600000 3.000000 -0.357844
531.300000 0.000000 0.000000 141.800000 28.200000 852.100000 893.700000 3.000000 0.393826
389.900000 189.000000 0.000000 145.900000 22.000000 944.700000 755.800000 3.000000 0.351048
425.000000 106.300000 0.000000 153.500000 16.500000 852.100000 887.100000 7.000000 0.876606
375.000000 93.800000 0.000000 126.600000 23.400000 852.100000 992.600000 7.000000 0.662716
531.300000 0.000000 0.000000 141.800000 28.200000 852.100000 893.700000 7.000000 0.736050
425.000000 106.300000 0.000000 153.500000 16.500000 852.100000 887.100000 7.000000 0.876606
401.800000 94.700000 0.000000 147.400000 11.400000 946.800000 852.100000 7.000000 1.176051
439.000000 177.000000 0.000000 186.000000 11.100000 884.900000 707.900000 7.000000 1.298274
425.000000 106.300000 0.000000 151.400000 18.600000 936.000000 803.700000 28.000000 1.646609
425.000000 106.300000 0.000000 153.500000 16.500000 852.100000 887.100000 28.000000 1.554331
388.600000 97.100000 0.000000 157.900000 12.100000 852.100000 925.700000 28.000000 0.968273
531.300000 0.000000 0.000000 141.800000 28.200000 852.100000 893.700000 28.000000 1.316608
425.000000 106.300000 0.000000 153.500000 16.500000 852.100000 887.100000 28.000000 1.554331
401.800000 94.700000 0.000000 147.400000 11.400000 946.800000 852.100000 28.000000 2.056055
362.600000 189.000000 0.000000 164.900000 11.600000 944.700000 755.800000 28.000000 2.227167
379.500000 151.200000 0.000000 153.900000 15.900000 1134.300000 605.000000 28.000000 1.059940
286.300000 200.900000 0.000000 144.700000 11.200000 1004.600000 803.700000 28.000000 2.007166
362.600000 189.000000 0.000000 164.900000 11.600000 944.700000 755.800000 28.000000 2.227167
313.300000 262.200000 0.000000 175.500000 8.600000 1046.900000 611.800000 56.000000 1.836054
375.000000 93.800000 0.000000 126.600000 23.400000 852.100000 992.600000 56.000000 1.548831
286.300000 200.900000 0.000000 144.700000 11.200000 1004.600000 803.700000 56.000000 2.330445
362.600000 189.000000 0.000000 164.900000 11.600000 944.700000 755.800000 56.000000 2.593835
374.000000 189.200000 0.000000 170.100000 10.100000 926.100000 756.700000 91.000000 1.836054
469.000000 117.200000 0.000000 137.800000 32.200000 852.100000 840.500000 91.000000 2.190500
362.600000 189.000000 0.000000 164.900000 11.600000 944.700000 755.800000 91.000000 2.716058
439.000000 177.000000 0.000000 186.000000 11.100000 884.900000 707.900000 91.000000 2.349389
222.400000 0.000000 96.700000 189.300000 4.500000 967.100000 870.300000 28.000000 -0.609011
222.400000 0.000000 96.700000 189.300000 4.500000 967.100000 870.300000 56.000000 -0.330343
233.800000 0.000000 94.600000 197.900000 4.600000 947.000000 852.200000 56.000000 -0.439733
190.700000 0.000000 125.400000 162.100000 7.800000 1090.000000 804.000000 3.000000 -1.210958
190.700000 0.000000 125.400000 162.100000 7.800000 1090.000000 804.000000 100.000000 0.349215
212.100000 0.000000 121.600000 180.300000 5.700000 1057.600000 779.300000 28.000000 -0.608400
230.000000 0.000000 118.300000 195.500000 4.600000 1029.400000 758.600000 3.000000 -1.517126
230.000000 0.000000 118.300000 195.500000 4.600000 1029.400000 758.600000 14.000000 -0.902957
190.300000 0.000000 125.200000 161.900000 9.900000 1088.100000 802.600000 3.000000 -1.552570
190.300000 0.000000 125.200000 161.900000 9.900000 1088.100000 802.600000 14.000000 -0.741623
190.300000 0.000000 125.200000 161.900000 9.900000 1088.100000 802.600000 56.000000 0.226381
166.100000 0.000000 163.300000 176.500000 4.500000 1058.600000 780.100000 14.000000 -0.572955
166.100000 0.000000 163.300000 176.500000 4.500000 1058.600000 780.100000 56.000000 -0.380455
168.000000 42.100000 163.800000 121.800000 5.700000 1058.700000 780.100000 14.000000 -1.041068
168.000000 42.100000 163.800000 121.800000 5.700000 1058.700000 780.100000 28.000000 -0.648734
213.700000 98.100000 24.500000 181.700000 6.900000 1065.800000 785.400000 56.000000 0.972551
213.800000 98.100000 24.500000 181.700000 6.700000 1066.000000 785.500000 3.000000 -1.324625
213.800000 98.100000 24.500000 181.700000 6.700000 1066.000000 785.500000 14.000000 -1.039846
213.800000 98.100000 24.500000 181.700000 6.700000 1066.000000 785.500000 100.000000 0.923662
229.700000 0.000000 118.200000 195.200000 6.100000 1028.100000 757.600000 3.000000 -1.313625
238.100000 0.000000 94.100000 186.700000 7.000000 949.900000 847.000000 28.000000 -0.282677
238.100000 0.000000 94.100000 186.700000 7.000000 949.900000 847.000000 56.000000 0.289326
238.100000 0.000000 94.100000 186.700000 7.000000 949.900000 847.000000 100.000000 0.577160
250.000000 0.000000 95.700000 187.400000 5.500000 956.900000 861.200000 3.000000 -1.285514
250.000000 0.000000 95.700000 187.400000 5.500000 956.900000 861.200000 28.000000 -0.344399
212.500000 0.000000 100.400000 159.300000 8.700000 1007.800000 903.600000 14.000000 -0.522233
212.500000 0.000000 100.400000 159.300000 8.700000 1007.800000 903.600000 28.000000 -0.196510
212.500000 0.000000 100.400000 159.300000 8.700000 1007.800000 903.600000 56.000000 0.470215
212.600000 0.000000 100.400000 159.400000 10.400000 1003.800000 903.800000 3.000000 -1.315458
212.600000 0.000000 100.400000 159.400000 10.400000 1003.800000 903.800000 14.000000 -0.579678
212.000000 0.000000 124.800000 159.000000 7.800000 1085.400000 799.500000 3.000000 -0.937179
212.000000 0.000000 124.800000 159.000000 7.800000 1085.400000 799.500000 14.000000 -0.214232
212.000000 0.000000 124.800000 159.000000 7.800000 1085.400000 799.500000 28.000000 0.222714
212.000000 0.000000 124.800000 159.000000 7.800000 1085.400000 799.500000 100.000000 0.792272
231.800000 0.000000 121.600000 174.000000 6.700000 1056.400000 778.500000 14.000000 -0.494122
231.800000 0.000000 121.600000 174.000000 6.700000 1056.400000 778.500000 100.000000 0.671272
251.400000 0.000000 118.300000 188.500000 5.800000 1028.400000 757.700000 3.000000 -1.077735
251.400000 0.000000 118.300000 188.500000 5.800000 1028.400000 757.700000 14.000000 -0.301010
251.400000 0.000000 118.300000 188.500000 5.800000 1028.400000 757.700000 56.000000 0.129214
251.400000 0.000000 118.300000 188.500000 6.400000 1028.400000 757.700000 28.000000 -0.134176
251.400000 0.000000 118.300000 188.500000 6.400000 1028.400000 757.700000 56.000000 0.109047
251.400000 0.000000 118.300000 188.500000 6.400000 1028.400000 757.700000 100.000000 0.571660
181.400000 0.000000 167.000000 169.600000 7.600000 1055.600000 777.800000 28.000000 -0.433010
181.400000 0.000000 167.000000 169.600000 7.600000 1055.600000 777.800000 100.000000 0.642549
182.000000 45.200000 122.000000 170.200000 8.200000 1059.400000 780.700000 3.000000 -1.682738
182.000000 45.200000 122.000000 170.200000 8.200000 1059.400000 780.700000 14.000000 -0.816179
182.000000 45.200000 122.000000 170.200000 8.200000 1059.400000 780.700000 28.000000 -0.219121
168.900000 42.200000 124.300000 158.300000 10.800000 1080.800000 796.200000 3.000000 -1.677849
168.900000 42.200000 124.300000 158.300000 10.800000 1080.800000 796.200000 28.000000 -0.228287
290.400000 0.000000 96.200000 168.100000 9.400000 961.200000 865.000000 3.000000 -0.755067
290.400000 0.000000 96.200000 168.100000 9.400000 961.200000 865.000000 14.000000 -0.011342
290.400000 0.000000 96.200000 168.100000 9.400000 961.200000 865.000000 28.000000 -0.007064
277.100000 0.000000 97.400000 160.600000 11.800000 973.900000 875.600000 28.000000 0.820383
295.700000 0.000000 95.600000 171.500000 8.900000 955.100000 859.200000 3.000000 -0.727567
295.700000 0.000000 95.600000 171.500000 8.900000 955.100000 859.200000 14.000000 0.022880
295.700000 0.000000 95.600000 171.500000 8.900000 955.100000 859.200000 28.000000 0.310715
251.800000 0.000000 99.900000 146.100000 12.400000 1006.000000 899.800000 100.000000 0.642549
249.100000 0.000000 98.800000 158.100000 12.800000 987.800000 889.000000 28.000000 -0.244787
252.300000 0.000000 98.800000 146.300000 14.200000 987.800000 889.000000 28.000000 0.962162
252.300000 0.000000 98.800000 146.300000 14.200000 987.800000 889.000000 100.000000 1.594664
246.800000 0.000000 125.100000 143.300000 12.000000 1086.800000 800.900000 3.000000 -0.692734
246.800000 0.000000 125.100000 143.300000 12.000000 1086.800000 800.900000 28.000000 1.078273
246.800000 0.000000 125.100000 143.300000 12.000000 1086.800000 800.900000 56.000000 1.556164
275.100000 0.000000 121.400000 159.500000 9.900000 1053.600000 777.500000 28.000000 1.006773
275.100000 0.000000 121.400000 159.500000 9.900000 1053.600000 777.500000 56.000000 1.344108
275.100000 0.000000 121.400000 159.500000 9.900000 1053.600000 777.500000 100.000000 1.451664
213.700000 0.000000 174.700000 154.800000 10.200000 1053.500000 776.400000 3.000000 -1.056346
213.700000 0.000000 174.700000 154.800000 10.200000 1053.500000 776.400000 14.000000 -0.068787
213.500000 0.000000 174.200000 154.600000 11.700000 1052.300000 775.500000 28.000000 0.677383
213.500000 0.000000 174.200000 154.600000 11.700000 1052.300000 775.500000 56.000000 1.012884
213.500000 0.000000 174.200000 154.600000 11.700000 1052.300000 775.500000 100.000000 1.493831
277.200000 97.800000 24.500000 160.700000 11.200000 1061.700000 782.500000 3.000000 -0.269232
277.200000 97.800000 24.500000 160.700000 11.200000 1061.700000 782.500000 14.000000 0.785550
277.200000 97.800000 24.500000 160.700000 11.200000 1061.700000 782.500000 100.000000 1.961332
218.200000 54.600000 123.800000 140.800000 11.900000 1075.700000 792.700000 14.000000 0.067492
218.200000 54.600000 123.800000 140.800000 11.900000 1075.700000 792.700000 100.000000 1.752332
214.900000 53.800000 121.900000 155.600000 9.600000 1014.300000 780.600000 14.000000 0.228825
218.900000 0.000000 124.100000 158.500000 11.300000 1078.700000 794.900000 3.000000 -1.192625
376.000000 0.000000 0.000000 214.600000 0.000000 1003.500000 762.400000 28.000000 -0.176343
376.000000 0.000000 0.000000 214.600000 0.000000 1003.500000 762.400000 56.000000 0.088269
505.000000 0.000000 60.000000 195.000000 0.000000 1030.000000 630.000000 28.000000 1.782276
520.000000 0.000000 0.000000 170.000000 5.200000 855.000000 855.000000 28.000000 1.553720
520.000000 0.000000 0.000000 175.000000 5.200000 870.000000 805.000000 28.000000 0.987829
500.100000 0.000000 0.000000 200.000000 3.000000 1124.400000 613.200000 28.000000 0.566771
450.100000 50.000000 0.000000 200.000000 3.000000 1124.400000 613.200000 28.000000 0.276492
333.000000 17.500000 163.000000 167.000000 17.900000 996.000000 652.000000 28.000000 0.759272
334.000000 17.600000 158.000000 189.000000 15.300000 967.000000 633.000000 28.000000 0.578994
405.000000 0.000000 0.000000 175.000000 0.000000 1120.000000 695.000000 28.000000 1.066051
516.000000 0.000000 0.000000 162.000000 8.300000 801.000000 802.000000 28.000000 0.398104
145.000000 116.000000 119.000000 184.000000 5.700000 833.000000 880.000000 28.000000 -0.348066
178.000000 129.800000 118.600000 179.900000 3.600000 1007.300000 746.800000 3.000000 -0.863234
172.400000 13.600000 172.400000 156.800000 4.100000 1006.300000 856.400000 3.000000 -0.829012
167.000000 75.400000 167.000000 164.000000 7.900000 1007.300000 770.100000 3.000000 -1.181625
190.300000 0.000000 125.200000 166.600000 9.900000 1079.000000 798.900000 3.000000 -1.363125
213.500000 0.000000 174.200000 159.200000 11.700000 1043.600000 771.900000 3.000000 -1.176125
194.700000 0.000000 100.500000 170.200000 7.500000 998.000000 901.800000 3.000000 -1.385736
178.000000 129.800000 118.600000 179.900000 3.600000 1007.300000 746.800000 14.000000 -0.037620
172.400000 13.600000 172.400000 156.800000 4.100000 1006.300000 856.400000 14.000000 -0.312010
167.000000 75.400000 167.000000 164.000000 7.900000 1007.300000 770.100000 14.000000 -0.119509
173.800000 93.400000 159.900000 172.300000 9.700000 1007.200000 746.600000 14.000000 -0.324232
250.000000 0.000000 95.700000 191.800000 5.300000 948.900000 857.200000 14.000000 -0.623067
194.700000 0.000000 100.500000 170.200000 7.500000 998.000000 901.800000 14.000000 -0.646289
165.000000 128.500000 132.100000 175.100000 8.100000 1005.800000 746.600000 28.000000 0.704883
178.000000 129.800000 118.600000 179.900000 3.600000 1007.300000 746.800000 28.000000 0.263048
167.400000 129.900000 128.600000 175.500000 7.800000 1006.300000 746.600000 28.000000 0.387715
173.800000 93.400000 159.900000 172.300000 9.700000 1007.200000 746.600000 28.000000 0.180548
251.400000 0.000000 118.300000 192.900000 5.800000 1043.600000 754.300000 28.000000 -0.096898
165.000000 0.000000 143.600000 163.800000 0.000000 1005.600000 900.900000 56.000000 0.104158
167.400000 129.900000 128.600000 175.500000 7.800000 1006.300000 746.600000 56.000000 1.030606
172.400000 13.600000 172.400000 156.800000 4.100000 1006.300000 856.400000 56.000000 0.060769
173.500000 50.100000 173.500000 164.800000 6.500000 1006.200000 793.500000 56.000000 1.155885
167.000000 75.400000 167.000000 164.000000 7.900000 1007.300000 770.100000 56.000000 1.136940
190.300000 0.000000 125.200000 166.600000 9.900000 1079.000000 798.900000 56.000000 -0.191621
213.500000 0.000000 174.200000 159.200000 11.700000 1043.600000 771.900000 56.000000 1.002495
178.000000 129.800000 118.600000 179.900000 3.600000 1007.300000 746.800000 100.000000 0.924884
167.400000 129.900000 128.600000 175.500000 7.800000 1006.300000 746.600000 100.000000 1.149162
194.700000 0.000000 100.500000 170.200000 7.500000 998.000000 901.800000 100.000000 0.575938
446.000000 24.000000 79.000000 162.000000 11.600000 967.000000 712.000000 28.000000 1.355108
446.000000 24.000000 79.000000 162.000000 11.600000 967.000000 712.000000 28.000000 0.987829
446.000000 24.000000 79.000000 162.000000 10.300000 967.000000 712.000000 28.000000 1.132662
446.000000 24.000000 79.000000 162.000000 11.600000 967.000000 712.000000 3.000000 0.030825
446.000000 24.000000 79.000000 162.000000 11.600000 967.000000 712.000000 56.000000 1.246330
387.000000 20.000000 94.000000 157.000000 14.300000 938.000000 845.000000 28.000000 0.940162
387.000000 20.000000 94.000000 157.000000 13.900000 938.000000 845.000000 28.000000 0.722605
387.000000 20.000000 94.000000 157.000000 14.300000 938.000000 845.000000 3.000000 -0.739789
387.000000 20.000000 94.000000 157.000000 11.600000 938.000000 845.000000 3.000000 -0.005231
387.000000 20.000000 94.000000 157.000000 13.900000 938.000000 845.000000 7.000000 0.674938
387.000000 20.000000 94.000000 157.000000 14.300000 938.000000 845.000000 56.000000 1.312941
491.000000 26.000000 123.000000 210.000000 3.900000 882.000000 699.000000 7.000000 -0.083454
491.000000 26.000000 123.000000 201.000000 3.900000 822.000000 699.000000 7.000000 0.187270
491.000000 26.000000 123.000000 201.000000 3.900000 822.000000 699.000000 56.000000 1.650276
424.000000 22.000000 132.000000 178.000000 8.500000 822.000000 750.000000 56.000000 1.884943
202.000000 11.000000 141.000000 206.000000 1.700000 942.000000 801.000000 3.000000 -1.528126
284.000000 15.000000 141.000000 179.000000 5.500000 842.000000 801.000000 3.000000 -1.311181
284.000000 15.000000 141.000000 179.000000 5.500000 842.000000 801.000000 56.000000 0.590605
359.000000 19.000000 141.000000 154.000000 10.900000 942.000000 801.000000 56.000000 2.071333
289.000000 0.000000 0.000000 192.000000 0.000000 913.200000 895.300000 90.000000 -0.170232
289.000000 0.000000 0.000000 192.000000 0.000000 913.200000 895.300000 3.000000 -1.418126
289.000000 0.000000 0.000000 192.000000 0.000000 913.200000 895.300000 7.000000 -1.237847
255.500000 170.300000 0.000000 185.700000 0.000000 1026.600000 724.300000 7.000000 -1.076513
272.800000 181.900000 0.000000 185.700000 0.000000 1012.400000 714.300000 7.000000 -0.921901
397.000000 0.000000 0.000000 185.700000 0.000000 1040.600000 734.300000 28.000000 -0.108509
210.700000 316.100000 0.000000 185.700000 0.000000 977.000000 689.300000 7.000000 -0.796623
295.800000 0.000000 0.000000 185.700000 0.000000 1091.400000 769.300000 7.000000 -1.223180
295.800000 0.000000 0.000000 185.700000 0.000000 1091.400000 769.300000 28.000000 -0.588844
228.000000 342.100000 0.000000 185.700000 0.000000 955.800000 674.300000 28.000000 0.296048
135.700000 203.500000 0.000000 185.700000 0.000000 1076.200000 759.300000 7.000000 -1.671127
181.900000 272.800000 0.000000 185.700000 0.000000 1012.400000 714.300000 7.000000 -1.374125
228.000000 342.100000 0.000000 185.700000 0.000000 955.800000 674.300000 7.000000 -0.790512
186.200000 124.100000 0.000000 185.700000 0.000000 1083.400000 764.300000 7.000000 -1.641182
252.500000 0.000000 0.000000 185.700000 0.000000 1111.600000 784.300000 28.000000 -0.921901
272.800000 181.900000 0.000000 185.700000 0.000000 1012.400000 714.300000 28.000000 -0.212398
339.000000 0.000000 0.000000 197.000000 0.000000 968.000000 781.000000 14.000000 -0.477622
339.000000 0.000000 0.000000 197.000000 0.000000 968.000000 781.000000 180.000000 0.097436
236.000000 0.000000 0.000000 194.000000 0.000000 968.000000 885.000000 14.000000 -1.345403
236.000000 0.000000 0.000000 194.000000 0.000000 968.000000 885.000000 28.000000 -1.004402
236.000000 0.000000 0.000000 193.000000 0.000000 968.000000 885.000000 180.000000 -0.657289
236.000000 0.000000 0.000000 193.000000 0.000000 968.000000 885.000000 365.000000 -0.597400
277.000000 0.000000 0.000000 191.000000 0.000000 968.000000 856.000000 28.000000 -0.543011
277.000000 0.000000 0.000000 191.000000 0.000000 968.000000 856.000000 180.000000 -0.154343
277.000000 0.000000 0.000000 191.000000 0.000000 968.000000 856.000000 360.000000 -0.070620
254.000000 0.000000 0.000000 198.000000 0.000000 968.000000 863.000000 3.000000 -1.561126
254.000000 0.000000 0.000000 198.000000 0.000000 968.000000 863.000000 365.000000 -0.309566
225.000000 0.000000 0.000000 181.000000 0.000000 1113.000000 833.000000 7.000000 -1.447459
325.000000 0.000000 0.000000 184.000000 0.000000 1063.000000 783.000000 7.000000 -1.058180
325.000000 0.000000 0.000000 184.000000 0.000000 1063.000000 783.000000 28.000000 -0.261899
275.000000 0.000000 0.000000 183.000000 0.000000 1088.000000 808.000000 7.000000 -1.262292
275.000000 0.000000 0.000000 183.000000 0.000000 1088.000000 808.000000 28.000000 -0.632845
400.000000 0.000000 0.000000 187.000000 0.000000 1025.000000 745.000000 7.000000 -0.288177
250.000000 0.000000 0.000000 182.000000 0.000000 1100.000000 820.000000 28.000000 -0.854679
350.000000 0.000000 0.000000 186.000000 0.000000 1050.000000 770.000000 7.000000 -0.890735
166.800000 250.200000 0.000000 203.500000 0.000000 975.600000 692.600000 3.000000 -1.708404
166.800000 250.200000 0.000000 203.500000 0.000000 975.600000 692.600000 28.000000 -0.055342
108.300000 162.400000 0.000000 203.500000 0.000000 938.200000 849.000000 28.000000 -0.871790
108.300000 162.400000 0.000000 203.500000 0.000000 938.200000 849.000000 90.000000 -0.343788
116.000000 173.000000 0.000000 192.000000 0.000000 909.800000 891.900000 90.000000 -0.234399
157.000000 236.000000 0.000000 192.000000 0.000000 935.400000 781.200000 28.000000 -0.073065
192.000000 288.000000 0.000000 192.000000 0.000000 929.800000 716.100000 3.000000 -1.348459
305.300000 203.500000 0.000000 203.500000 0.000000 965.400000 631.000000 28.000000 0.520938
173.000000 116.000000 0.000000 192.000000 0.000000 946.800000 856.800000 3.000000 -1.705960
236.000000 157.000000 0.000000 192.000000 0.000000 972.600000 749.100000 3.000000 -1.300792
166.800000 250.200000 0.000000 203.500000 0.000000 975.600000 692.600000 7.000000 -1.167569
102.000000 153.000000 0.000000 192.000000 0.000000 887.000000 942.000000 7.000000 -1.660738
288.000000 192.000000 0.000000 192.000000 0.000000 932.000000 717.800000 28.000000 0.241048
212.000000 141.300000 0.000000 203.500000 0.000000 973.400000 750.000000 28.000000 -0.113398
183.900000 122.600000 0.000000 203.500000 0.000000 959.200000 800.000000 28.000000 -0.660345
133.000000 200.000000 0.000000 192.000000 0.000000 927.400000 839.200000 90.000000 0.105992
133.000000 200.000000 0.000000 192.000000 0.000000 927.400000 839.200000 7.000000 -1.295292
153.000000 102.000000 0.000000 192.000000 0.000000 888.000000 943.100000 28.000000 -1.032513
108.300000 162.400000 0.000000 203.500000 0.000000 938.200000 849.000000 7.000000 -1.658293
203.500000 305.300000 0.000000 203.500000 0.000000 963.400000 630.000000 3.000000 -1.545848
122.600000 183.900000 0.000000 203.500000 0.000000 958.200000 800.100000 3.000000 -1.927183
116.000000 173.000000 0.000000 192.000000 0.000000 909.800000 891.900000 3.000000 -1.746293
305.300000 203.500000 0.000000 203.500000 0.000000 965.400000 631.000000 90.000000 1.206607
157.000000 236.000000 0.000000 192.000000 0.000000 935.400000 781.200000 3.000000 -1.537904
141.300000 212.000000 0.000000 203.500000 0.000000 971.800000 748.500000 90.000000 0.293604
203.500000 305.300000 0.000000 203.500000 0.000000 963.400000 630.000000 90.000000 1.039162
310.000000 0.000000 0.000000 192.000000 0.000000 1012.000000 830.000000 3.000000 -1.405903
310.000000 0.000000 0.000000 192.000000 0.000000 1012.000000 830.000000 7.000000 -1.076513
310.000000 0.000000 0.000000 192.000000 0.000000 1012.000000 830.000000 120.000000 0.234937
331.000000 0.000000 0.000000 192.000000 0.000000 1025.000000 821.000000 90.000000 0.186659
331.000000 0.000000 0.000000 192.000000 0.000000 1025.000000 821.000000 120.000000 0.276492
349.000000 0.000000 0.000000 192.000000 0.000000 1056.000000 809.000000 7.000000 -1.579459
349.000000 0.000000 0.000000 192.000000 0.000000 1056.000000 809.000000 90.000000 0.354715
349.000000 0.000000 0.000000 192.000000 0.000000 1056.000000 809.000000 120.000000 0.366937
238.000000 0.000000 0.000000 186.000000 0.000000 1119.000000 789.000000 28.000000 -1.058180
297.000000 0.000000 0.000000 186.000000 0.000000 1040.000000 734.000000 7.000000 -0.238065
480.000000 0.000000 0.000000 192.000000 0.000000 936.000000 721.000000 28.000000 0.552105
500.000000 0.000000 0.000000 200.000000 0.000000 1125.000000 613.000000 14.000000 0.127381
540.000000 0.000000 0.000000 173.000000 0.000000 1125.000000 613.000000 7.000000 1.084996
540.000000 0.000000 0.000000 173.000000 0.000000 1125.000000 613.000000 14.000000 1.521942
540.000000 0.000000 0.000000 173.000000 0.000000 1125.000000 613.000000 28.000000 1.983332
540.000000 0.000000 0.000000 173.000000 0.000000 1125.000000 613.000000 270.000000 2.402556
350.000000 0.000000 0.000000 203.000000 0.000000 974.000000 775.000000 14.000000 -0.753234
350.000000 0.000000 0.000000 203.000000 0.000000 974.000000 775.000000 28.000000 -0.459288
385.000000 0.000000 0.000000 186.000000 0.000000 966.000000 763.000000 14.000000 -0.423844
281.000000 0.000000 0.000000 186.000000 0.000000 1104.000000 774.000000 28.000000 -0.758734
339.000000 0.000000 0.000000 185.000000 0.000000 1069.000000 754.000000 28.000000 -0.184287
295.000000 0.000000 0.000000 185.000000 0.000000 1069.000000 769.000000 28.000000 -0.591289
296.000000 0.000000 0.000000 192.000000 0.000000 1085.000000 765.000000 28.000000 -0.807012
331.000000 0.000000 0.000000 192.000000 0.000000 978.000000 825.000000 90.000000 0.145103
349.000000 0.000000 0.000000 192.000000 0.000000 1047.000000 806.000000 7.000000 -1.022124
349.000000 0.000000 0.000000 192.000000 0.000000 1047.000000 806.000000 28.000000 -0.130509
500.000000 0.000000 0.000000 200.000000 0.000000 1125.000000 613.000000 180.000000 0.989051
500.000000 0.000000 0.000000 200.000000 0.000000 1125.000000 613.000000 270.000000 1.240830
339.000000 0.000000 0.000000 185.000000 0.000000 1060.000000 754.000000 28.000000 -0.195898
393.000000 0.000000 0.000000 192.000000 0.000000 940.000000 758.000000 3.000000 -0.962235
393.000000 0.000000 0.000000 192.000000 0.000000 940.000000 758.000000 28.000000 0.288715
310.000000 0.000000 0.000000 192.000000 0.000000 970.000000 850.000000 7.000000 -1.214014
310.000000 0.000000 0.000000 192.000000 0.000000 970.000000 850.000000 28.000000 -0.423844
525.000000 0.000000 0.000000 189.000000 0.000000 1125.000000 613.000000 7.000000 0.462271
525.000000 0.000000 0.000000 189.000000 0.000000 1125.000000 613.000000 28.000000 1.288496
397.000000 0.000000 0.000000 185.000000 0.000000 1040.000000 734.000000 28.000000 0.258770
147.000000 115.000000 89.000000 202.000000 9.000000 860.000000 829.000000 28.000000 -0.908457
310.000000 143.000000 111.000000 168.000000 22.000000 914.000000 651.000000 28.000000 -0.071231
304.000000 140.000000 0.000000 214.000000 6.000000 895.000000 722.000000 28.000000 -0.087731
159.000000 149.000000 116.000000 175.000000 15.000000 953.000000 720.000000 28.000000 -0.438510
153.000000 239.000000 0.000000 200.000000 6.000000 1002.000000 684.000000 28.000000 -0.488622
305.000000 0.000000 100.000000 196.000000 10.000000 959.000000 705.000000 28.000000 -0.289399
151.000000 0.000000 184.000000 167.000000 12.000000 991.000000 772.000000 28.000000 -1.178569
142.000000 167.000000 130.000000 174.000000 11.000000 883.000000 785.000000 28.000000 0.596105
298.000000 0.000000 107.000000 186.000000 6.000000 879.000000 815.000000 28.000000 0.475715
326.000000 166.000000 0.000000 174.000000 9.000000 882.000000 790.000000 28.000000 1.611775
356.000000 0.000000 142.000000 193.000000 11.000000 801.000000 778.000000 28.000000 0.367548
298.000000 0.000000 107.000000 210.000000 11.000000 880.000000 744.000000 28.000000 -0.182454
265.000000 111.000000 86.000000 195.000000 6.000000 833.000000 790.000000 28.000000 0.408493
149.000000 139.000000 109.000000 193.000000 6.000000 892.000000 780.000000 28.000000 -0.682345
313.000000 0.000000 113.000000 178.000000 8.000000 1002.000000 689.000000 28.000000 0.118825
149.000000 236.000000 0.000000 176.000000 13.000000 847.000000 893.000000 28.000000 -0.115843
148.000000 0.000000 137.000000 158.000000 16.000000 1002.000000 830.000000 28.000000 -1.033124
151.000000 0.000000 185.000000 167.000000 16.000000 1074.000000 678.000000 28.000000 -1.307514
143.000000 169.000000 143.000000 191.000000 8.000000 967.000000 643.000000 28.000000 -0.313843
313.000000 161.000000 0.000000 178.000000 10.000000 917.000000 759.000000 28.000000 1.074607
336.000000 0.000000 0.000000 182.000000 3.000000 986.000000 817.000000 28.000000 0.611383
145.000000 0.000000 134.000000 181.000000 11.000000 979.000000 812.000000 28.000000 -1.323403
150.000000 237.000000 0.000000 174.000000 12.000000 1069.000000 675.000000 28.000000 0.157325
331.000000 170.000000 0.000000 195.000000 8.000000 811.000000 802.000000 28.000000 1.329441
155.000000 0.000000 143.000000 193.000000 9.000000 1047.000000 697.000000 28.000000 -1.368625
266.000000 112.000000 87.000000 178.000000 10.000000 910.000000 745.000000 28.000000 0.278937
146.000000 173.000000 0.000000 182.000000 3.000000 986.000000 817.000000 28.000000 -0.679289
148.000000 0.000000 182.000000 181.000000 15.000000 839.000000 884.000000 28.000000 -1.181625
155.000000 184.000000 143.000000 194.000000 9.000000 880.000000 699.000000 28.000000 -0.358455
289.000000 134.000000 0.000000 195.000000 6.000000 924.000000 760.000000 28.000000 0.695716
136.000000 162.000000 126.000000 172.000000 10.000000 923.000000 764.000000 28.000000 -0.353566
255.000000 99.000000 77.000000 189.000000 6.000000 919.000000 749.000000 28.000000 -0.064509
167.000000 187.000000 195.000000 185.000000 7.000000 898.000000 636.000000 28.000000 -0.670123
156.000000 178.000000 187.000000 221.000000 7.000000 854.000000 614.000000 28.000000 -0.332788
236.900000 91.700000 71.500000 246.900000 6.000000 852.900000 695.400000 28.000000 -0.380455
145.900000 230.500000 0.000000 202.500000 3.400000 827.000000 871.800000 28.000000 -0.130509
313.300000 145.000000 0.000000 178.500000 8.000000 867.200000 824.000000 28.000000 0.371215
149.500000 236.000000 0.000000 175.800000 12.600000 846.800000 892.700000 28.000000 -0.115843
299.800000 0.000000 119.800000 211.500000 9.900000 878.200000 727.600000 28.000000 -0.673178
153.100000 145.000000 113.000000 178.500000 8.000000 867.200000 824.000000 28.000000 -0.527122
272.600000 0.000000 89.600000 198.700000 10.600000 931.300000 762.200000 28.000000 -0.159232
149.000000 117.600000 91.700000 182.900000 7.100000 953.400000 780.300000 28.000000 -0.692734
143.000000 169.400000 142.700000 190.700000 8.400000 967.400000 643.500000 28.000000 -0.313232
284.000000 119.700000 0.000000 168.300000 7.200000 970.400000 794.200000 28.000000 0.371215
150.000000 236.800000 0.000000 173.800000 11.900000 1069.300000 674.800000 28.000000 0.157325
154.800000 0.000000 142.800000 193.300000 9.100000 1047.400000 696.700000 28.000000 -1.368625
266.200000 112.300000 87.500000 177.900000 10.400000 909.700000 744.500000 28.000000 0.278937
312.700000 144.700000 0.000000 127.300000 8.000000 999.700000 822.200000 28.000000 0.590605
145.700000 172.600000 0.000000 181.900000 3.400000 985.800000 816.800000 28.000000 -0.679289
277.000000 116.800000 91.000000 190.600000 7.000000 946.500000 665.600000 28.000000 0.533160
313.300000 145.000000 0.000000 178.500000 8.000000 1001.900000 688.700000 28.000000 0.378548
145.400000 0.000000 178.900000 201.700000 7.800000 824.000000 868.700000 28.000000 -1.485959
312.700000 0.000000 0.000000 178.100000 8.000000 999.700000 822.200000 28.000000 -0.596178
153.600000 144.200000 112.300000 220.100000 10.100000 923.200000 657.900000 28.000000 -1.121735
151.800000 178.100000 138.700000 167.500000 18.300000 944.000000 694.600000 28.000000 0.091325
143.600000 0.000000 174.900000 158.400000 17.900000 942.700000 844.500000 28.000000 -1.187736
310.000000 142.800000 0.000000 167.900000 10.000000 914.300000 804.000000 28.000000 0.638272
304.800000 0.000000 99.600000 196.000000 9.800000 959.400000 705.200000 28.000000 -0.289399
150.900000 0.000000 183.900000 166.600000 11.600000 991.200000 772.200000 28.000000 -1.178569
366.000000 187.000000 0.000000 191.300000 6.600000 824.300000 756.900000 28.000000 1.897777
252.100000 97.100000 75.600000 193.800000 8.300000 835.500000 821.400000 28.000000 -0.088954
132.000000 206.500000 160.900000 178.900000 5.500000 866.900000 735.600000 28.000000 -0.094454
164.200000 0.000000 200.100000 181.200000 12.600000 849.300000 846.000000 28.000000 -1.207902
159.100000 186.700000 0.000000 175.600000 11.300000 989.600000 788.900000 28.000000 -0.127454
260.900000 100.500000 78.300000 200.600000 8.600000 864.500000 761.500000 28.000000 -0.150065
