332.500000 142.500000 0.000000 228.000000 0.000000 932.000000 594.000000 365.000000 0.199343
266.000000 114.000000 0.000000 228.000000 0.000000 932.000000 670.000000 90.000000 0.543390
380.000000 95.000000 0.000000 228.000000 0.000000 932.000000 594.000000 28.000000 -0.065309
475.000000 0.000000 0.000000 228.000000 0.000000 932.000000 594.000000 28.000000 0.098084
198.600000 132.400000 0.000000 192.000000 0.000000 978.400000 825.500000 90.000000 0.027894
198.600000 132.400000 0.000000 192.000000 0.000000 978.400000 825.500000 28.000000 -0.550312
427.500000 47.500000 0.000000 228.000000 0.000000 932.000000 594.000000 270.000000 0.312107
190.000000 190.000000 0.000000 228.000000 0.000000 932.000000 670.000000 90.000000 0.272985
475.000000 0.000000 0.000000 228.000000 0.000000 932.000000 594.000000 180.000000 0.289669
427.500000 47.500000 0.000000 228.000000 0.000000 932.000000 594.000000 180.000000 0.244794
139.600000 209.400000 0.000000 192.000000 0.000000 1047.000000 806.900000 3.000000 -1.698670
380.000000 0.000000 0.000000 228.000000 0.000000 932.000000 670.000000 365.000000 0.859246
380.000000 95.000000 0.000000 228.000000 0.000000 932.000000 594.000000 270.000000 0.205096
342.000000 38.000000 0.000000 228.000000 0.000000 932.000000 670.000000 180.000000 0.836233
427.500000 47.500000 0.000000 228.000000 0.000000 932.000000 594.000000 28.000000 -0.008927
304.000000 76.000000 0.000000 228.000000 0.000000 932.000000 670.000000 365.000000 1.016886
198.600000 132.400000 0.000000 192.000000 0.000000 978.400000 825.500000 180.000000 0.237890
190.000000 190.000000 0.000000 228.000000 0.000000 932.000000 670.000000 365.000000 0.926559
427.500000 47.500000 0.000000 228.000000 0.000000 932.000000 594.000000 7.000000 -0.144129
332.500000 142.500000 0.000000 228.000000 0.000000 932.000000 594.000000 180.000000 0.126276
190.000000 190.000000 0.000000 228.000000 0.000000 932.000000 670.000000 180.000000 0.537636
139.600000 209.400000 0.000000 192.000000 0.000000 1047.000000 806.900000 7.000000 -1.322980
198.600000 132.400000 0.000000 192.000000 0.000000 978.400000 825.500000 7.000000 -1.320103
475.000000 0.000000 0.000000 228.000000 0.000000 932.000000 594.000000 365.000000 0.249972
304.000000 76.000000 0.000000 228.000000 0.000000 932.000000 670.000000 180.000000 0.768919
332.500000 142.500000 0.000000 228.000000 0.000000 932.000000 594.000000 28.000000 -0.262647
139.600000 209.400000 0.000000 192.000000 0.000000 1047.000000 806.900000 360.000000 0.409338
469.000000 117.200000 0.000000 137.800000 32.200000 852.100000 840.500000 3.000000 0.150439
362.600000 189.000000 0.000000 164.900000 11.600000 944.700000 755.800000 3.000000 -0.131472
379.500000 151.200000 0.000000 153.900000 15.900000 1134.300000 605.000000 3.000000 -0.516943
469.000000 117.200000 0.000000 137.800000 32.200000 852.100000 840.500000 7.000000 0.996174
425.000000 106.300000 0.000000 153.500000 16.500000 852.100000 887.100000 7.000000 0.668236
362.600000 189.000000 0.000000 164.900000 11.600000 944.700000 755.800000 7.000000 1.053707
323.700000 282.800000 0.000000 183.800000 10.300000 942.700000 659.900000 7.000000 0.702756
379.500000 151.200000 0.000000 153.900000 15.900000 1134.300000 605.000000 7.000000 0.547417
362.600000 189.000000 0.000000 164.900000 11.600000 944.700000 755.800000 7.000000 -0.844881
374.000000 189.200000 0.000000 170.100000 10.100000 926.100000 756.700000 28.000000 1.352303
425.000000 106.300000 0.000000 153.500000 16.500000 852.100000 887.100000 28.000000 1.306277
469.000000 117.200000 0.000000 137.800000 32.200000 852.100000 840.500000 28.000000 1.686570
323.700000 282.800000 0.000000 183.800000 10.300000 942.700000 659.900000 28.000000 2.135327
362.600000 189.000000 0.000000 164.900000 11.600000 944.700000 755.800000 28.000000 1.939715
439.000000 177.000000 0.000000 186.000000 11.100000 884.900000 707.900000 28.000000 1.634790
362.600000 189.000000 0.000000 164.900000 11.600000 944.700000 755.800000 28.000000 1.939715
374.000000 189.200000 0.000000 170.100000 10.100000 926.100000 756.700000 56.000000 1.485204
475.000000 118.800000 0.000000 181.100000 8.900000 852.100000 781.500000 56.000000 1.997248
469.000000 117.200000 0.000000 137.800000 32.200000 852.100000 840.500000 56.000000 1.824649
425.000000 106.300000 0.000000 153.500000 16.500000 852.100000 887.100000 56.000000 1.536984
531.300000 0.000000 0.000000 141.800000 28.200000 852.100000 893.700000 56.000000 1.220553
425.000000 106.300000 0.000000 153.500000 16.500000 852.100000 887.100000 56.000000 1.536984
401.800000 94.700000 0.000000 147.400000 11.400000 946.800000 852.100000 56.000000 2.077794
362.600000 189.000000 0.000000 164.900000 11.600000 944.700000 755.800000 56.000000 2.284913
323.700000 282.800000 0.000000 183.800000 10.300000 942.700000 659.900000 56.000000 2.451758
362.600000 189.000000 0.000000 164.900000 11.600000 944.700000 755.800000 56.000000 2.284913
337.900000 189.000000 0.000000 174.900000 9.500000 944.700000 755.800000 56.000000 1.283264
313.300000 262.200000 0.000000 175.500000 8.600000 1046.900000 611.800000 91.000000 1.669310
425.000000 106.300000 0.000000 151.400000 18.600000 936.000000 803.700000 91.000000 1.675063
475.000000 118.800000 0.000000 181.100000 8.900000 852.100000 781.500000 91.000000 2.105985
425.000000 106.300000 0.000000 153.500000 16.500000 852.100000 887.100000 91.000000 1.588764
388.600000 97.100000 0.000000 157.900000 12.100000 852.100000 925.700000 91.000000 1.151513
531.300000 0.000000 0.000000 141.800000 28.200000 852.100000 893.700000 91.000000 1.243566
362.600000 189.000000 0.000000 164.900000 11.600000 944.700000 755.800000 91.000000 2.399979
286.300000 200.900000 0.000000 144.700000 11.200000 1004.600000 803.700000 91.000000 2.256146
362.600000 189.000000 0.000000 164.900000 11.600000 944.700000 755.800000 91.000000 2.399979
389.900000 189.000000 0.000000 145.900000 22.000000 944.700000 755.800000 91.000000 2.589838
362.600000 189.000000 0.000000 164.900000 11.600000 944.700000 755.800000 91.000000 2.399979
337.900000 189.000000 0.000000 174.900000 9.500000 944.700000 755.800000 91.000000 1.738350
222.400000 0.000000 96.700000 189.300000 4.500000 967.100000 870.300000 14.000000 -0.755705
233.800000 0.000000 94.600000 197.900000 4.600000 947.000000 852.200000 3.000000 -1.565194
194.700000 0.000000 100.500000 165.600000 7.500000 1006.400000 905.900000 28.000000 -0.682638
194.700000 0.000000 100.500000 165.600000 7.500000 1006.400000 905.900000 100.000000 -0.014105
190.700000 0.000000 125.400000 162.100000 7.800000 1090.000000 804.000000 14.000000 -0.950742
190.700000 0.000000 125.400000 162.100000 7.800000 1090.000000 804.000000 56.000000 -0.129171
212.100000 0.000000 121.600000 180.300000 5.700000 1057.600000 779.300000 3.000000 -1.444950
212.100000 0.000000 121.600000 180.300000 5.700000 1057.600000 779.300000 14.000000 -0.958796
212.100000 0.000000 121.600000 180.300000 5.700000 1057.600000 779.300000 100.000000 0.116495
230.000000 0.000000 118.300000 195.500000 4.600000 1029.400000 758.600000 56.000000 -0.347796
230.000000 0.000000 118.300000 195.500000 4.600000 1029.400000 758.600000 100.000000 -0.129171
190.300000 0.000000 125.200000 161.900000 9.900000 1088.100000 802.600000 28.000000 -0.524422
190.300000 0.000000 125.200000 161.900000 9.900000 1088.100000 802.600000 100.000000 0.161371
166.100000 0.000000 163.300000 176.500000 4.500000 1058.600000 780.100000 3.000000 -1.543331
166.100000 0.000000 163.300000 176.500000 4.500000 1058.600000 780.100000 28.000000 -0.923126
168.000000 42.100000 163.800000 121.800000 5.700000 1058.700000 780.100000 3.000000 -1.716505
168.000000 42.100000 163.800000 121.800000 5.700000 1058.700000 780.100000 100.000000 0.094633
213.800000 98.100000 24.500000 181.700000 6.700000 1066.000000 785.500000 28.000000 0.152165
229.700000 0.000000 118.200000 195.200000 6.100000 1028.100000 757.600000 14.000000 -0.878250
229.700000 0.000000 118.200000 195.200000 6.100000 1028.100000 757.600000 28.000000 -0.750527
229.700000 0.000000 118.200000 195.200000 6.100000 1028.100000 757.600000 56.000000 -0.358727
238.100000 0.000000 94.100000 186.700000 7.000000 949.900000 847.000000 3.000000 -1.015754
250.000000 0.000000 95.700000 187.400000 5.500000 956.900000 861.200000 14.000000 -0.728664
250.000000 0.000000 95.700000 187.400000 5.500000 956.900000 861.200000 100.000000 0.274135
212.600000 0.000000 100.400000 159.400000 10.400000 1003.800000 903.800000 28.000000 -0.010653
212.600000 0.000000 100.400000 159.400000 10.400000 1003.800000 903.800000 56.000000 0.392078
251.400000 0.000000 118.300000 188.500000 6.400000 1028.400000 757.700000 3.000000 -1.407553
251.400000 0.000000 118.300000 188.500000 6.400000 1028.400000 757.700000 14.000000 -0.756855
181.400000 0.000000 167.000000 169.600000 7.600000 1055.600000 777.800000 3.000000 -1.378787
182.000000 45.200000 122.000000 170.200000 8.200000 1059.400000 780.700000 56.000000 0.340298
290.400000 0.000000 96.200000 168.100000 9.400000 961.200000 865.000000 100.000000 0.655004
277.100000 0.000000 97.400000 160.600000 11.800000 973.900000 875.600000 56.000000 0.774097
295.700000 0.000000 95.600000 171.500000 8.900000 955.100000 859.200000 100.000000 0.831630
251.800000 0.000000 99.900000 146.100000 12.400000 1006.000000 899.800000 3.000000 -0.953043
251.800000 0.000000 99.900000 146.100000 12.400000 1006.000000 899.800000 14.000000 -0.243086
251.800000 0.000000 99.900000 146.100000 12.400000 1006.000000 899.800000 28.000000 -0.209717
251.800000 0.000000 99.900000 146.100000 12.400000 1006.000000 899.800000 56.000000 0.377119
249.100000 0.000000 98.800000 158.100000 12.800000 987.800000 889.000000 14.000000 -0.512340
249.100000 0.000000 98.800000 158.100000 12.800000 987.800000 889.000000 56.000000 0.255725
249.100000 0.000000 98.800000 158.100000 12.800000 987.800000 889.000000 100.000000 0.775248
252.300000 0.000000 98.800000 146.300000 14.200000 987.800000 889.000000 56.000000 1.049680
246.800000 0.000000 125.100000 143.300000 12.000000 1086.800000 800.900000 14.000000 0.266656
275.100000 0.000000 121.400000 159.500000 9.900000 1053.600000 777.500000 14.000000 0.068167
297.200000 0.000000 117.500000 174.800000 9.500000 1022.800000 753.500000 56.000000 0.827027
297.200000 0.000000 117.500000 174.800000 9.500000 1022.800000 753.500000 100.000000 1.102035
213.700000 0.000000 174.700000 154.800000 10.200000 1053.500000 776.400000 56.000000 0.520952
213.700000 0.000000 174.700000 154.800000 10.200000 1053.500000 776.400000 100.000000 0.718865
277.200000 97.800000 24.500000 160.700000 11.200000 1061.700000 782.500000 28.000000 1.470246
218.200000 54.600000 123.800000 140.800000 11.900000 1075.700000 792.700000 3.000000 -0.584832
218.200000 54.600000 123.800000 140.800000 11.900000 1075.700000 792.700000 28.000000 1.031269
214.900000 53.800000 121.900000 155.600000 9.600000 1014.300000 780.600000 3.000000 -1.125642
214.900000 53.800000 121.900000 155.600000 9.600000 1014.300000 780.600000 28.000000 0.840835
214.900000 53.800000 121.900000 155.600000 9.600000 1014.300000 780.600000 56.000000 0.942093
214.900000 53.800000 121.900000 155.600000 9.600000 1014.300000 780.600000 100.000000 1.095706
218.900000 0.000000 124.100000 158.500000 11.300000 1078.700000 794.900000 14.000000 -0.663652
218.900000 0.000000 124.100000 158.500000 11.300000 1078.700000 794.900000 100.000000 0.497363
376.000000 0.000000 0.000000 214.600000 0.000000 1003.500000 762.400000 3.000000 -1.225749
376.000000 0.000000 0.000000 214.600000 0.000000 1003.500000 762.400000 100.000000 0.314984
315.000000 137.000000 0.000000 145.000000 5.900000 1130.000000 745.000000 28.000000 2.540934
451.000000 0.000000 0.000000 165.000000 11.300000 1030.000000 745.000000 28.000000 2.371212
516.000000 0.000000 0.000000 162.000000 8.200000 801.000000 802.000000 28.000000 0.217753
397.000000 17.200000 158.000000 167.000000 20.800000 967.000000 633.000000 28.000000 1.039324
234.000000 156.000000 0.000000 189.000000 5.900000 981.000000 760.000000 28.000000 0.098660
250.000000 180.000000 95.000000 159.000000 9.500000 860.000000 800.000000 28.000000 1.742377
475.000000 0.000000 0.000000 162.000000 9.500000 1044.000000 662.000000 28.000000 1.204444
165.000000 0.000000 143.600000 163.800000 0.000000 1005.600000 900.900000 3.000000 -1.333911
173.500000 50.100000 173.500000 164.800000 6.500000 1006.200000 793.500000 3.000000 -0.834525
165.000000 0.000000 143.600000 163.800000 0.000000 1005.600000 900.900000 14.000000 -1.191229
165.000000 128.500000 132.100000 175.100000 8.100000 1005.800000 746.600000 14.000000 -0.258620
173.500000 50.100000 173.500000 164.800000 6.500000 1006.200000 793.500000 14.000000 -0.263223
190.300000 0.000000 125.200000 166.600000 9.900000 1079.000000 798.900000 14.000000 -1.045096
213.500000 0.000000 174.200000 159.200000 11.700000 1043.600000 771.900000 14.000000 -0.459985
172.400000 13.600000 172.400000 156.800000 4.100000 1006.300000 856.400000 28.000000 -0.224100
194.700000 0.000000 100.500000 170.200000 7.500000 998.000000 901.800000 28.000000 -0.018132
178.000000 129.800000 118.600000 179.900000 3.600000 1007.300000 746.800000 56.000000 0.633141
250.000000 0.000000 95.700000 191.800000 5.300000 948.900000 857.200000 56.000000 0.118221
251.400000 0.000000 118.300000 192.900000 5.800000 1043.600000 754.300000 56.000000 0.096934
165.000000 0.000000 143.600000 163.800000 0.000000 1005.600000 900.900000 100.000000 0.021566
172.400000 13.600000 172.400000 156.800000 4.100000 1006.300000 856.400000 100.000000 0.005456
173.500000 50.100000 173.500000 164.800000 6.500000 1006.200000 793.500000 100.000000 1.062912
173.800000 93.400000 159.900000 172.300000 9.700000 1007.200000 746.600000 100.000000 0.768344
190.300000 0.000000 125.200000 166.600000 9.900000 1079.000000 798.900000 100.000000 -0.231579
213.500000 0.000000 174.200000 159.200000 11.700000 1043.600000 771.900000 100.000000 0.884560
251.400000 0.000000 118.300000 192.900000 5.800000 1043.600000 754.300000 100.000000 0.147563
446.000000 24.000000 79.000000 162.000000 11.600000 967.000000 712.000000 28.000000 0.393229
446.000000 24.000000 79.000000 162.000000 11.600000 967.000000 712.000000 7.000000 0.829904
446.000000 24.000000 79.000000 162.000000 11.600000 967.000000 712.000000 56.000000 1.351153
446.000000 24.000000 79.000000 162.000000 10.300000 967.000000 712.000000 56.000000 0.988695
387.000000 20.000000 94.000000 157.000000 13.900000 938.000000 845.000000 56.000000 0.597471
387.000000 20.000000 94.000000 157.000000 11.600000 938.000000 845.000000 56.000000 1.373590
355.000000 19.000000 97.000000 145.000000 13.100000 967.000000 871.000000 28.000000 0.370791
355.000000 19.000000 97.000000 145.000000 12.300000 967.000000 871.000000 28.000000 1.027817
491.000000 26.000000 123.000000 201.000000 3.900000 822.000000 699.000000 28.000000 1.169924
491.000000 26.000000 123.000000 210.000000 3.900000 882.000000 699.000000 3.000000 -0.688967
491.000000 26.000000 123.000000 201.000000 3.900000 822.000000 699.000000 3.000000 -0.462287
424.000000 22.000000 132.000000 168.000000 8.900000 822.000000 750.000000 28.000000 1.985741
424.000000 22.000000 132.000000 178.000000 8.500000 822.000000 750.000000 7.000000 0.081400
424.000000 22.000000 132.000000 168.000000 8.900000 822.000000 750.000000 56.000000 2.115766
202.000000 11.000000 141.000000 206.000000 1.700000 942.000000 801.000000 28.000000 -0.898387
284.000000 15.000000 141.000000 179.000000 5.500000 842.000000 801.000000 7.000000 -0.774115
359.000000 19.000000 141.000000 154.000000 10.900000 942.000000 801.000000 28.000000 1.458739
359.000000 19.000000 141.000000 154.000000 10.900000 942.000000 801.000000 28.000000 1.260251
359.000000 19.000000 141.000000 154.000000 10.900000 942.000000 801.000000 7.000000 0.058962
359.000000 19.000000 141.000000 154.000000 10.900000 942.000000 801.000000 56.000000 1.679666
436.000000 0.000000 0.000000 218.000000 0.000000 838.400000 719.700000 28.000000 -0.790225
393.000000 0.000000 0.000000 192.000000 0.000000 940.600000 785.600000 90.000000 0.648100
480.000000 0.000000 0.000000 192.000000 0.000000 936.200000 712.200000 28.000000 0.365613
255.000000 0.000000 0.000000 192.000000 0.000000 889.800000 945.000000 90.000000 -0.904715
255.000000 0.000000 0.000000 192.000000 0.000000 889.800000 945.000000 28.000000 -1.083643
289.000000 0.000000 0.000000 192.000000 0.000000 913.200000 895.300000 28.000000 -0.691268
393.000000 0.000000 0.000000 192.000000 0.000000 940.600000 785.600000 7.000000 -0.566421
255.000000 0.000000 0.000000 192.000000 0.000000 889.800000 945.000000 3.000000 -1.690616
158.800000 238.200000 0.000000 185.700000 0.000000 1040.600000 734.300000 7.000000 -1.608919
238.200000 158.800000 0.000000 185.700000 0.000000 1040.600000 734.300000 7.000000 -1.259694
181.900000 272.800000 0.000000 185.700000 0.000000 1012.400000 714.300000 28.000000 -0.554915
239.600000 359.400000 0.000000 185.700000 0.000000 941.600000 664.300000 28.000000 0.106714
220.800000 147.200000 0.000000 185.700000 0.000000 1055.000000 744.300000 28.000000 -0.680912
382.500000 0.000000 0.000000 185.700000 0.000000 1047.800000 739.300000 7.000000 -0.777567
255.500000 170.300000 0.000000 185.700000 0.000000 1026.600000 724.300000 28.000000 -0.318454
203.500000 135.700000 0.000000 185.700000 0.000000 1076.200000 759.300000 7.000000 -1.474292
381.400000 0.000000 0.000000 185.700000 0.000000 1104.600000 784.300000 28.000000 -0.868469
220.800000 147.200000 0.000000 185.700000 0.000000 1055.000000 744.300000 7.000000 -1.409279
238.100000 0.000000 0.000000 185.700000 0.000000 1118.800000 789.300000 28.000000 -1.150956
339.200000 0.000000 0.000000 185.700000 0.000000 1069.200000 754.300000 7.000000 -0.943838
290.200000 193.500000 0.000000 185.700000 0.000000 998.200000 704.300000 7.000000 -0.904715
170.300000 155.500000 0.000000 185.700000 0.000000 1026.600000 724.300000 28.000000 -0.682063
210.700000 316.100000 0.000000 185.700000 0.000000 977.000000 689.300000 28.000000 0.012936
290.200000 193.500000 0.000000 185.700000 0.000000 998.200000 704.300000 28.000000 -0.261497
382.500000 0.000000 0.000000 185.700000 0.000000 1047.800000 739.300000 28.000000 -0.008352
316.100000 210.700000 0.000000 185.700000 0.000000 977.000000 689.300000 7.000000 -0.756280
339.000000 0.000000 0.000000 197.000000 0.000000 968.000000 781.000000 7.000000 -0.955920
339.000000 0.000000 0.000000 197.000000 0.000000 968.000000 781.000000 28.000000 -0.319030
339.000000 0.000000 0.000000 197.000000 0.000000 968.000000 781.000000 90.000000 -0.138951
236.000000 0.000000 0.000000 194.000000 0.000000 968.000000 885.000000 90.000000 -0.899537
307.000000 0.000000 0.000000 193.000000 0.000000 968.000000 812.000000 180.000000 -0.178074
307.000000 0.000000 0.000000 193.000000 0.000000 968.000000 812.000000 28.000000 -0.578503
307.000000 0.000000 0.000000 193.000000 0.000000 968.000000 812.000000 90.000000 -0.268401
236.000000 0.000000 0.000000 193.000000 0.000000 968.000000 885.000000 7.000000 -1.587632
300.000000 0.000000 0.000000 184.000000 0.000000 1075.000000 795.000000 7.000000 -1.266022
300.000000 0.000000 0.000000 184.000000 0.000000 1075.000000 795.000000 28.000000 -0.617626
375.000000 0.000000 0.000000 186.000000 0.000000 1038.000000 758.000000 7.000000 -0.663077
375.000000 0.000000 0.000000 186.000000 0.000000 1038.000000 758.000000 28.000000 0.035949
400.000000 0.000000 0.000000 187.000000 0.000000 1025.000000 745.000000 28.000000 0.351805
250.000000 0.000000 0.000000 182.000000 0.000000 1100.000000 820.000000 7.000000 -1.429991
350.000000 0.000000 0.000000 186.000000 0.000000 1050.000000 770.000000 28.000000 -0.189580
157.000000 236.000000 0.000000 192.000000 0.000000 935.400000 781.200000 90.000000 0.333394
141.300000 212.000000 0.000000 203.500000 0.000000 971.800000 748.500000 28.000000 -0.442725
122.600000 183.900000 0.000000 203.500000 0.000000 958.200000 800.100000 90.000000 -0.252867
183.900000 122.600000 0.000000 203.500000 0.000000 959.200000 800.000000 3.000000 -1.880474
133.000000 200.000000 0.000000 192.000000 0.000000 927.400000 839.200000 28.000000 -0.558942
173.000000 116.000000 0.000000 192.000000 0.000000 946.800000 856.800000 7.000000 -1.507085
192.000000 288.000000 0.000000 192.000000 0.000000 929.800000 716.100000 28.000000 0.099810
183.900000 122.600000 0.000000 203.500000 0.000000 959.200000 800.000000 90.000000 -0.290838
173.000000 116.000000 0.000000 192.000000 0.000000 946.800000 856.800000 28.000000 -0.765485
192.000000 288.000000 0.000000 192.000000 0.000000 929.800000 716.100000 90.000000 0.756262
305.300000 203.500000 0.000000 203.500000 0.000000 965.400000 631.000000 3.000000 -1.348870
157.000000 236.000000 0.000000 192.000000 0.000000 935.400000 781.200000 7.000000 -1.190654
212.000000 141.300000 0.000000 203.500000 0.000000 973.400000 750.000000 90.000000 0.121673
133.000000 200.000000 0.000000 192.000000 0.000000 927.400000 839.200000 3.000000 -1.766559
288.000000 192.000000 0.000000 192.000000 0.000000 932.000000 717.800000 90.000000 0.744755
200.000000 133.000000 0.000000 192.000000 0.000000 965.400000 806.200000 7.000000 -1.174545
173.000000 116.000000 0.000000 192.000000 0.000000 946.800000 856.800000 90.000000 -0.315578
250.200000 166.800000 0.000000 203.500000 0.000000 977.600000 694.100000 28.000000 -0.035967
192.000000 288.000000 0.000000 192.000000 0.000000 929.800000 716.100000 7.000000 -0.926578
153.000000 102.000000 0.000000 192.000000 0.000000 888.000000 943.100000 7.000000 -1.680835
116.000000 173.000000 0.000000 192.000000 0.000000 909.800000 891.900000 7.000000 -1.581878
141.300000 212.000000 0.000000 203.500000 0.000000 971.800000 748.500000 3.000000 -1.884502
122.600000 183.900000 0.000000 203.500000 0.000000 958.200000 800.100000 7.000000 -1.566920
310.000000 0.000000 0.000000 192.000000 0.000000 1012.000000 830.000000 28.000000 -0.561243
331.000000 0.000000 0.000000 192.000000 0.000000 1025.000000 821.000000 3.000000 -1.339089
331.000000 0.000000 0.000000 192.000000 0.000000 1025.000000 821.000000 7.000000 -1.159011
349.000000 0.000000 0.000000 192.000000 0.000000 1056.000000 809.000000 3.000000 -1.249338
349.000000 0.000000 0.000000 192.000000 0.000000 1056.000000 809.000000 28.000000 -0.228703
238.000000 0.000000 0.000000 186.000000 0.000000 1119.000000 789.000000 7.000000 -1.469114
296.000000 0.000000 0.000000 186.000000 0.000000 1090.000000 769.000000 28.000000 -0.713706
397.000000 0.000000 0.000000 186.000000 0.000000 1040.000000 734.000000 28.000000 -0.037118
500.000000 0.000000 0.000000 200.000000 0.000000 1125.000000 613.000000 7.000000 -0.251716
500.000000 0.000000 0.000000 200.000000 0.000000 1125.000000 613.000000 28.000000 0.374243
540.000000 0.000000 0.000000 173.000000 0.000000 1125.000000 613.000000 90.000000 1.845361
350.000000 0.000000 0.000000 203.000000 0.000000 974.000000 775.000000 56.000000 -0.437547
350.000000 0.000000 0.000000 203.000000 0.000000 974.000000 775.000000 90.000000 -0.358727
350.000000 0.000000 0.000000 203.000000 0.000000 974.000000 775.000000 180.000000 -0.279907
385.000000 0.000000 0.000000 186.000000 0.000000 966.000000 763.000000 3.000000 -1.316651
385.000000 0.000000 0.000000 186.000000 0.000000 966.000000 763.000000 7.000000 -0.826470
385.000000 0.000000 0.000000 186.000000 0.000000 966.000000 763.000000 28.000000 -0.358727
331.000000 0.000000 0.000000 192.000000 0.000000 978.000000 825.000000 180.000000 0.081400
339.000000 0.000000 0.000000 185.000000 0.000000 1069.000000 754.000000 7.000000 -0.944988
238.000000 0.000000 0.000000 185.000000 0.000000 1118.000000 789.000000 28.000000 -1.153258
331.000000 0.000000 0.000000 192.000000 0.000000 879.000000 825.000000 3.000000 -1.384540
331.000000 0.000000 0.000000 192.000000 0.000000 978.000000 825.000000 28.000000 -0.352974
349.000000 0.000000 0.000000 192.000000 0.000000 1047.000000 806.000000 180.000000 0.199343
349.000000 0.000000 0.000000 192.000000 0.000000 1047.000000 806.000000 360.000000 0.261478
302.000000 0.000000 0.000000 203.000000 0.000000 974.000000 817.000000 180.000000 -0.623954
525.000000 0.000000 0.000000 189.000000 0.000000 1125.000000 613.000000 180.000000 1.400056
500.000000 0.000000 0.000000 200.000000 0.000000 1125.000000 613.000000 90.000000 0.554321
540.000000 0.000000 0.000000 173.000000 0.000000 1125.000000 613.000000 3.000000 0.233287
393.000000 0.000000 0.000000 192.000000 0.000000 940.000000 758.000000 90.000000 0.644648
382.000000 0.000000 0.000000 185.000000 0.000000 1047.000000 739.000000 7.000000 -0.781595
382.000000 0.000000 0.000000 185.000000 0.000000 1047.000000 739.000000 28.000000 -0.009502
252.000000 0.000000 0.000000 185.000000 0.000000 1111.000000 784.000000 28.000000 -1.029562
310.000000 0.000000 0.000000 192.000000 0.000000 970.000000 850.000000 360.000000 0.030196
525.000000 0.000000 0.000000 189.000000 0.000000 1125.000000 613.000000 14.000000 0.622210
525.000000 0.000000 0.000000 189.000000 0.000000 1125.000000 613.000000 270.000000 1.698652
322.000000 0.000000 0.000000 203.000000 0.000000 974.000000 800.000000 14.000000 -0.967426
322.000000 0.000000 0.000000 203.000000 0.000000 974.000000 800.000000 180.000000 -0.459985
302.000000 0.000000 0.000000 203.000000 0.000000 974.000000 817.000000 28.000000 -0.911044
480.000000 0.000000 0.000000 192.000000 0.000000 936.000000 721.000000 3.000000 -0.759157
522.000000 0.000000 0.000000 146.000000 0.000000 896.000000 896.000000 7.000000 0.743604
522.000000 0.000000 0.000000 146.000000 0.000000 896.000000 896.000000 28.000000 2.152012
154.000000 144.000000 112.000000 220.000000 10.000000 923.000000 658.000000 28.000000 -1.213092
152.000000 178.000000 139.000000 168.000000 18.000000 944.000000 695.000000 28.000000 -0.071062
374.000000 0.000000 0.000000 190.000000 7.000000 1013.000000 730.000000 28.000000 0.084277
298.000000 137.000000 107.000000 201.000000 6.000000 878.000000 655.000000 28.000000 0.916779
366.000000 187.000000 0.000000 191.000000 7.000000 824.000000 757.000000 28.000000 1.629612
252.000000 97.000000 76.000000 194.000000 8.000000 835.000000 821.000000 28.000000 -0.240785
165.000000 0.000000 150.000000 182.000000 12.000000 1023.000000 729.000000 28.000000 -1.125066
160.000000 188.000000 146.000000 203.000000 11.000000 829.000000 710.000000 28.000000 -0.273003
318.000000 0.000000 126.000000 210.000000 6.000000 861.000000 737.000000 28.000000 0.142385
287.000000 121.000000 94.000000 188.000000 9.000000 904.000000 696.000000 28.000000 0.250547
132.000000 207.000000 161.000000 179.000000 5.000000 867.000000 736.000000 28.000000 -0.246538
314.000000 0.000000 113.000000 170.000000 10.000000 925.000000 783.000000 28.000000 0.050332
140.000000 164.000000 128.000000 237.000000 6.000000 869.000000 656.000000 28.000000 -0.135499
160.000000 250.000000 0.000000 168.000000 12.000000 1049.000000 688.000000 28.000000 0.107290
276.000000 116.000000 90.000000 180.000000 9.000000 870.000000 768.000000 28.000000 0.385174
322.000000 0.000000 116.000000 196.000000 10.000000 818.000000 813.000000 28.000000 -0.368508
155.000000 183.000000 0.000000 193.000000 9.000000 1047.000000 697.000000 28.000000 -1.110683
300.000000 0.000000 120.000000 212.000000 10.000000 878.000000 728.000000 28.000000 -0.790800
153.000000 145.000000 113.000000 178.000000 8.000000 867.000000 824.000000 28.000000 -0.653296
153.000000 145.000000 0.000000 178.000000 8.000000 1000.000000 822.000000 28.000000 -1.068684
262.000000 111.000000 86.000000 195.000000 5.000000 895.000000 733.000000 28.000000 -0.222374
158.000000 0.000000 195.000000 220.000000 11.000000 898.000000 713.000000 28.000000 -1.671054
273.000000 0.000000 90.000000 199.000000 11.000000 931.000000 762.000000 28.000000 -0.307523
149.000000 118.000000 92.000000 183.000000 7.000000 953.000000 780.000000 28.000000 -0.809210
260.000000 101.000000 78.000000 171.000000 10.000000 936.000000 763.000000 28.000000 0.701030
284.000000 120.000000 0.000000 168.000000 7.000000 970.000000 794.000000 28.000000 0.192439
144.000000 170.000000 133.000000 192.000000 8.000000 814.000000 805.000000 28.000000 -0.443876
144.000000 136.000000 106.000000 178.000000 7.000000 941.000000 774.000000 28.000000 -0.658474
313.000000 145.000000 0.000000 178.000000 8.000000 1002.000000 689.000000 28.000000 0.199343
313.000000 0.000000 0.000000 178.000000 8.000000 1000.000000 822.000000 28.000000 -0.718308
136.000000 196.000000 98.000000 199.000000 6.000000 847.000000 783.000000 28.000000 -0.610722
164.000000 163.000000 128.000000 197.000000 8.000000 961.000000 641.000000 28.000000 -0.595763
157.000000 214.000000 152.000000 200.000000 9.000000 819.000000 704.000000 28.000000 -0.260921
135.000000 105.000000 193.000000 196.000000 6.000000 965.000000 643.000000 28.000000 -0.901839
144.000000 15.000000 195.000000 176.000000 6.000000 1021.000000 709.000000 28.000000 -1.279830
154.000000 174.000000 185.000000 228.000000 7.000000 845.000000 612.000000 28.000000 -0.762033
313.300000 0.000000 113.000000 178.500000 8.000000 1001.900000 688.700000 28.000000 -0.045173
153.100000 145.000000 113.000000 178.500000 8.000000 1001.900000 688.700000 28.000000 -0.691843
326.500000 0.000000 137.900000 199.000000 10.800000 801.100000 792.500000 28.000000 0.060113
152.700000 144.700000 0.000000 178.100000 8.000000 999.700000 822.200000 28.000000 -1.068684
261.900000 110.500000 86.100000 195.400000 5.000000 895.200000 732.600000 28.000000 -0.222374
150.700000 0.000000 185.300000 166.700000 15.600000 1074.500000 678.000000 28.000000 -1.387992
144.800000 0.000000 133.600000 180.800000 11.100000 979.500000 811.500000 28.000000 -1.402951
143.700000 170.200000 132.600000 191.600000 8.500000 814.100000 805.300000 28.000000 -0.443876
154.800000 183.400000 0.000000 193.300000 9.100000 877.200000 867.700000 28.000000 -0.793677
134.700000 0.000000 165.700000 180.200000 10.000000 961.000000 804.900000 28.000000 -1.397773
314.000000 145.300000 113.200000 178.900000 8.000000 869.100000 690.200000 28.000000 0.497363
155.200000 183.900000 143.200000 193.800000 9.200000 879.600000 698.500000 28.000000 -0.494505
136.400000 161.600000 125.800000 171.600000 10.400000 922.600000 764.400000 28.000000 -0.489902
255.300000 98.800000 77.000000 188.600000 6.500000 919.000000 749.300000 28.000000 -0.217772
272.800000 105.100000 81.800000 209.700000 9.000000 904.000000 679.700000 28.000000 -0.023885
162.000000 190.100000 148.100000 178.800000 18.800000 838.100000 741.400000 28.000000 -0.220073
146.500000 114.600000 89.300000 201.900000 8.800000 860.000000 829.500000 28.000000 -1.012302
309.900000 142.800000 111.200000 167.800000 22.100000 913.900000 651.200000 28.000000 0.036524
374.300000 0.000000 0.000000 190.200000 6.700000 1013.200000 730.400000 28.000000 0.084852
152.600000 238.700000 0.000000 200.000000 6.300000 1001.800000 683.900000 28.000000 -0.617050
297.800000 137.200000 106.900000 201.300000 6.000000 878.400000 655.300000 28.000000 0.916779
321.300000 164.200000 0.000000 190.500000 4.600000 870.000000 774.000000 28.000000 1.129651
164.600000 0.000000 150.400000 181.600000 11.700000 1023.300000 728.900000 28.000000 -1.125066
155.600000 243.500000 0.000000 180.300000 10.700000 1022.000000 697.700000 28.000000 -0.012954
287.300000 120.500000 93.900000 187.600000 9.200000 904.400000 695.900000 28.000000 0.357558
355.900000 0.000000 141.600000 193.300000 11.000000 801.400000 778.400000 28.000000 0.188987
321.400000 0.000000 127.900000 182.500000 11.500000 870.100000 779.700000 28.000000 -0.018132
139.700000 163.900000 127.700000 236.700000 5.800000 868.600000 655.600000 28.000000 -0.135499
288.400000 121.000000 0.000000 177.400000 7.000000 907.900000 829.500000 28.000000 0.262053
298.200000 0.000000 107.000000 209.700000 11.100000 879.600000 744.200000 28.000000 -0.328235
264.500000 111.000000 86.500000 195.500000 5.900000 832.600000 790.400000 28.000000 0.227534
276.400000 116.000000 90.300000 179.600000 8.900000 870.100000 768.300000 28.000000 0.385174
