540.000000 0.000000 0.000000 162.000000 2.500000 1040.000000 676.000000 28.000000 2.610081
380.000000 95.000000 0.000000 228.000000 0.000000 932.000000 594.000000 28.000000 0.037564
475.000000 0.000000 0.000000 228.000000 0.000000 932.000000 594.000000 28.000000 0.205363
198.600000 132.400000 0.000000 192.000000 0.000000 978.400000 825.500000 28.000000 -0.460514
139.600000 209.400000 0.000000 192.000000 0.000000 1047.000000 806.900000 90.000000 0.209498
427.500000 47.500000 0.000000 228.000000 0.000000 932.000000 594.000000 180.000000 0.356027
139.600000 209.400000 0.000000 192.000000 0.000000 1047.000000 806.900000 3.000000 -1.639831
380.000000 0.000000 0.000000 228.000000 0.000000 932.000000 670.000000 270.000000 1.033129
380.000000 95.000000 0.000000 228.000000 0.000000 932.000000 594.000000 270.000000 0.315259
198.600000 132.400000 0.000000 192.000000 0.000000 978.400000 825.500000 180.000000 0.348937
475.000000 0.000000 0.000000 228.000000 0.000000 932.000000 594.000000 270.000000 0.373161
237.500000 237.500000 0.000000 228.000000 0.000000 932.000000 594.000000 270.000000 0.153369
237.500000 237.500000 0.000000 228.000000 0.000000 932.000000 594.000000 180.000000 0.025747
380.000000 0.000000 0.000000 228.000000 0.000000 932.000000 670.000000 180.000000 1.021312
427.500000 47.500000 0.000000 228.000000 0.000000 932.000000 594.000000 90.000000 0.338302
427.500000 47.500000 0.000000 228.000000 0.000000 932.000000 594.000000 7.000000 -0.043381
237.500000 237.500000 0.000000 228.000000 0.000000 932.000000 594.000000 7.000000 -0.564502
380.000000 95.000000 0.000000 228.000000 0.000000 932.000000 594.000000 7.000000 -0.176911
475.000000 0.000000 0.000000 228.000000 0.000000 932.000000 594.000000 365.000000 0.361344
310.000000 0.000000 0.000000 192.000000 0.000000 971.000000 850.600000 3.000000 -1.532889
190.000000 190.000000 0.000000 228.000000 0.000000 932.000000 670.000000 28.000000 0.298124
375.000000 93.800000 0.000000 126.600000 23.400000 852.100000 992.600000 3.000000 -0.402612
531.300000 0.000000 0.000000 141.800000 28.200000 852.100000 893.700000 3.000000 0.324121
362.600000 189.000000 0.000000 164.900000 11.600000 944.700000 755.800000 3.000000 -0.030383
379.500000 151.200000 0.000000 153.900000 15.900000 1134.300000 605.000000 3.000000 -0.426245
389.900000 189.000000 0.000000 145.900000 22.000000 944.700000 755.800000 3.000000 0.282763
425.000000 106.300000 0.000000 153.500000 16.500000 852.100000 887.100000 7.000000 0.790885
469.000000 117.200000 0.000000 137.800000 32.200000 852.100000 840.500000 7.000000 1.127664
425.000000 106.300000 0.000000 153.500000 16.500000 852.100000 887.100000 7.000000 0.790885
425.000000 106.300000 0.000000 153.500000 16.500000 852.100000 887.100000 7.000000 0.790885
323.700000 282.800000 0.000000 183.800000 10.300000 942.700000 659.900000 7.000000 0.826335
439.000000 177.000000 0.000000 186.000000 11.100000 884.900000 707.900000 7.000000 1.198564
362.600000 189.000000 0.000000 164.900000 11.600000 944.700000 755.800000 7.000000 -0.763024
425.000000 106.300000 0.000000 151.400000 18.600000 936.000000 803.700000 28.000000 1.535343
425.000000 106.300000 0.000000 153.500000 16.500000 852.100000 887.100000 28.000000 1.446126
388.600000 97.100000 0.000000 157.900000 12.100000 852.100000 925.700000 28.000000 0.879511
531.300000 0.000000 0.000000 141.800000 28.200000 852.100000 893.700000 28.000000 1.216290
425.000000 106.300000 0.000000 153.500000 16.500000 852.100000 887.100000 28.000000 1.446126
362.600000 189.000000 0.000000 164.900000 11.600000 944.700000 755.800000 28.000000 2.096641
286.300000 200.900000 0.000000 144.700000 11.200000 1004.600000 803.700000 28.000000 1.883939
362.600000 189.000000 0.000000 164.900000 11.600000 944.700000 755.800000 28.000000 2.096641
439.000000 177.000000 0.000000 186.000000 11.100000 884.900000 707.900000 28.000000 1.783496
313.300000 262.200000 0.000000 175.500000 8.600000 1046.900000 611.800000 56.000000 1.718504
375.000000 93.800000 0.000000 126.600000 23.400000 852.100000 992.600000 56.000000 1.440809
425.000000 106.300000 0.000000 153.500000 16.500000 852.100000 887.100000 56.000000 1.683053
401.800000 94.700000 0.000000 147.400000 11.400000 946.800000 852.100000 56.000000 2.238443
362.600000 189.000000 0.000000 164.900000 11.600000 944.700000 755.800000 56.000000 2.451145
362.600000 189.000000 0.000000 164.900000 11.600000 944.700000 755.800000 56.000000 2.451145
475.000000 118.800000 0.000000 181.100000 8.900000 852.100000 781.500000 91.000000 2.267394
531.300000 0.000000 0.000000 141.800000 28.200000 852.100000 893.700000 91.000000 1.381725
439.000000 177.000000 0.000000 186.000000 11.100000 884.900000 707.900000 91.000000 2.214809
389.900000 189.000000 0.000000 145.900000 22.000000 944.700000 755.800000 91.000000 2.764290
362.600000 189.000000 0.000000 164.900000 11.600000 944.700000 755.800000 91.000000 2.569313
222.400000 0.000000 96.700000 189.300000 4.500000 967.100000 870.300000 14.000000 -0.671444
233.800000 0.000000 94.600000 197.900000 4.600000 947.000000 852.200000 3.000000 -1.502756
233.800000 0.000000 94.600000 197.900000 4.600000 947.000000 852.200000 56.000000 -0.481784
190.700000 0.000000 125.400000 162.100000 7.800000 1090.000000 804.000000 3.000000 -1.227424
190.700000 0.000000 125.400000 162.100000 7.800000 1090.000000 804.000000 100.000000 0.280990
212.100000 0.000000 121.600000 180.300000 5.700000 1057.600000 779.300000 3.000000 -1.379270
212.100000 0.000000 121.600000 180.300000 5.700000 1057.600000 779.300000 14.000000 -0.880010
230.000000 0.000000 118.300000 195.500000 4.600000 1029.400000 758.600000 3.000000 -1.523435
230.000000 0.000000 118.300000 195.500000 4.600000 1029.400000 758.600000 14.000000 -0.929641
190.300000 0.000000 125.200000 161.900000 9.900000 1088.100000 802.600000 3.000000 -1.557704
190.300000 0.000000 125.200000 161.900000 9.900000 1088.100000 802.600000 14.000000 -0.773659
190.300000 0.000000 125.200000 161.900000 9.900000 1088.100000 802.600000 28.000000 -0.433926
190.300000 0.000000 125.200000 161.900000 9.900000 1088.100000 802.600000 56.000000 0.162231
190.300000 0.000000 125.200000 161.900000 9.900000 1088.100000 802.600000 100.000000 0.270355
166.100000 0.000000 163.300000 176.500000 4.500000 1058.600000 780.100000 14.000000 -0.610587
166.100000 0.000000 163.300000 176.500000 4.500000 1058.600000 780.100000 56.000000 -0.424473
168.000000 42.100000 163.800000 121.800000 5.700000 1058.700000 780.100000 3.000000 -1.658147
168.000000 42.100000 163.800000 121.800000 5.700000 1058.700000 780.100000 100.000000 0.201817
213.800000 98.100000 24.500000 181.700000 6.700000 1066.000000 785.500000 28.000000 0.260901
213.800000 98.100000 24.500000 181.700000 6.700000 1066.000000 785.500000 100.000000 0.836380
229.700000 0.000000 118.200000 195.200000 6.100000 1028.100000 757.600000 56.000000 -0.263764
238.100000 0.000000 94.100000 186.700000 7.000000 949.900000 847.000000 3.000000 -0.938504
238.100000 0.000000 94.100000 186.700000 7.000000 949.900000 847.000000 28.000000 -0.329938
238.100000 0.000000 94.100000 186.700000 7.000000 949.900000 847.000000 56.000000 0.223088
238.100000 0.000000 94.100000 186.700000 7.000000 949.900000 847.000000 100.000000 0.501373
250.000000 0.000000 95.700000 187.400000 5.500000 956.900000 861.200000 14.000000 -0.643674
250.000000 0.000000 95.700000 187.400000 5.500000 956.900000 861.200000 28.000000 -0.389613
212.500000 0.000000 100.400000 159.300000 8.700000 1007.800000 903.600000 28.000000 -0.246630
212.500000 0.000000 100.400000 159.300000 8.700000 1007.800000 903.600000 56.000000 0.397976
212.600000 0.000000 100.400000 159.400000 10.400000 1003.800000 903.800000 3.000000 -1.328458
212.600000 0.000000 100.400000 159.400000 10.400000 1003.800000 903.800000 28.000000 0.093694
212.600000 0.000000 100.400000 159.400000 10.400000 1003.800000 903.800000 56.000000 0.507282
212.000000 0.000000 124.800000 159.000000 7.800000 1085.400000 799.500000 3.000000 -0.962728
212.000000 0.000000 124.800000 159.000000 7.800000 1085.400000 799.500000 14.000000 -0.263764
212.000000 0.000000 124.800000 159.000000 7.800000 1085.400000 799.500000 100.000000 0.709349
231.800000 0.000000 121.600000 174.000000 6.700000 1056.400000 778.500000 14.000000 -0.534369
231.800000 0.000000 121.600000 174.000000 6.700000 1056.400000 778.500000 100.000000 0.592363
251.400000 0.000000 118.300000 188.500000 5.800000 1028.400000 757.700000 3.000000 -1.098621
251.400000 0.000000 118.300000 188.500000 5.800000 1028.400000 757.700000 14.000000 -0.347664
251.400000 0.000000 118.300000 188.500000 5.800000 1028.400000 757.700000 56.000000 0.068288
251.400000 0.000000 118.300000 188.500000 6.400000 1028.400000 757.700000 3.000000 -1.340866
251.400000 0.000000 118.300000 188.500000 6.400000 1028.400000 757.700000 14.000000 -0.672626
251.400000 0.000000 118.300000 188.500000 6.400000 1028.400000 757.700000 56.000000 0.048790
181.400000 0.000000 167.000000 169.600000 7.600000 1055.600000 777.800000 3.000000 -1.311324
181.400000 0.000000 167.000000 169.600000 7.600000 1055.600000 777.800000 28.000000 -0.475285
182.000000 45.200000 122.000000 170.200000 8.200000 1059.400000 780.700000 14.000000 -0.845742
182.000000 45.200000 122.000000 170.200000 8.200000 1059.400000 780.700000 28.000000 -0.268491
182.000000 45.200000 122.000000 170.200000 8.200000 1059.400000 780.700000 56.000000 0.454106
290.400000 0.000000 96.200000 168.100000 9.400000 961.200000 865.000000 14.000000 -0.067606
290.400000 0.000000 96.200000 168.100000 9.400000 961.200000 865.000000 28.000000 -0.063470
251.800000 0.000000 99.900000 146.100000 12.400000 1006.000000 899.800000 14.000000 -0.145006
251.800000 0.000000 99.900000 146.100000 12.400000 1006.000000 899.800000 56.000000 0.491920
249.100000 0.000000 98.800000 158.100000 12.800000 987.800000 889.000000 56.000000 0.367253
252.300000 0.000000 98.800000 146.300000 14.200000 987.800000 889.000000 56.000000 1.182612
246.800000 0.000000 125.100000 143.300000 12.000000 1086.800000 800.900000 3.000000 -0.726392
246.800000 0.000000 125.100000 143.300000 12.000000 1086.800000 800.900000 56.000000 1.447899
275.100000 0.000000 121.400000 159.500000 9.900000 1053.600000 777.500000 14.000000 0.174639
275.100000 0.000000 121.400000 159.500000 9.900000 1053.600000 777.500000 28.000000 0.916734
275.100000 0.000000 121.400000 159.500000 9.900000 1053.600000 777.500000 100.000000 1.346865
297.200000 0.000000 117.500000 174.800000 9.500000 1022.800000 753.500000 56.000000 0.953957
297.200000 0.000000 117.500000 174.800000 9.500000 1022.800000 753.500000 100.000000 1.236378
213.700000 0.000000 174.700000 154.800000 10.200000 1053.500000 776.400000 14.000000 -0.123144
213.700000 0.000000 174.700000 154.800000 10.200000 1053.500000 776.400000 56.000000 0.639630
213.500000 0.000000 174.200000 154.600000 11.700000 1052.300000 775.500000 28.000000 0.598271
277.200000 97.800000 24.500000 160.700000 11.200000 1061.700000 782.500000 3.000000 -0.316940
277.200000 97.800000 24.500000 160.700000 11.200000 1061.700000 782.500000 14.000000 0.702850
277.200000 97.800000 24.500000 160.700000 11.200000 1061.700000 782.500000 28.000000 1.614516
214.900000 53.800000 121.900000 155.600000 9.600000 1014.300000 780.600000 14.000000 0.164595
214.900000 53.800000 121.900000 155.600000 9.600000 1014.300000 780.600000 28.000000 0.968137
214.900000 53.800000 121.900000 155.600000 9.600000 1014.300000 780.600000 100.000000 1.229879
218.900000 0.000000 124.100000 158.500000 11.300000 1078.700000 794.900000 14.000000 -0.576910
376.000000 0.000000 0.000000 214.600000 0.000000 1003.500000 762.400000 3.000000 -1.154160
376.000000 0.000000 0.000000 214.600000 0.000000 1003.500000 762.400000 56.000000 0.028701
315.000000 137.000000 0.000000 145.000000 5.900000 1130.000000 745.000000 28.000000 2.714069
520.000000 0.000000 0.000000 175.000000 5.200000 870.000000 805.000000 28.000000 0.898418
500.100000 0.000000 0.000000 200.000000 3.000000 1124.400000 613.200000 28.000000 0.491329
333.000000 17.500000 163.000000 167.000000 17.900000 996.000000 652.000000 28.000000 0.677444
250.000000 180.000000 95.000000 159.000000 9.500000 860.000000 800.000000 28.000000 1.893983
165.000000 0.000000 143.600000 163.800000 0.000000 1005.600000 900.900000 3.000000 -1.265238
173.500000 50.100000 173.500000 164.800000 6.500000 1006.200000 793.500000 3.000000 -0.752389
190.300000 0.000000 125.200000 166.600000 9.900000 1079.000000 798.900000 3.000000 -1.374543
213.500000 0.000000 174.200000 159.200000 11.700000 1043.600000 771.900000 3.000000 -1.193746
194.700000 0.000000 100.500000 170.200000 7.500000 998.000000 901.800000 3.000000 -1.396405
165.000000 0.000000 143.600000 163.800000 0.000000 1005.600000 900.900000 14.000000 -1.118710
178.000000 129.800000 118.600000 179.900000 3.600000 1007.300000 746.800000 14.000000 -0.093012
172.400000 13.600000 172.400000 156.800000 4.100000 1006.300000 856.400000 14.000000 -0.358299
173.500000 50.100000 173.500000 164.800000 6.500000 1006.200000 793.500000 14.000000 -0.165685
167.000000 75.400000 167.000000 164.000000 7.900000 1007.300000 770.100000 14.000000 -0.172184
165.000000 128.500000 132.100000 175.100000 8.100000 1005.800000 746.600000 28.000000 0.624859
167.400000 129.900000 128.600000 175.500000 7.800000 1006.300000 746.600000 28.000000 0.318213
172.400000 13.600000 172.400000 156.800000 4.100000 1006.300000 856.400000 28.000000 -0.125508
194.700000 0.000000 100.500000 170.200000 7.500000 998.000000 901.800000 28.000000 0.086013
251.400000 0.000000 118.300000 192.900000 5.800000 1043.600000 754.300000 28.000000 -0.150323
178.000000 129.800000 118.600000 179.900000 3.600000 1007.300000 746.800000 56.000000 0.754844
173.500000 50.100000 173.500000 164.800000 6.500000 1006.200000 793.500000 56.000000 1.060899
190.300000 0.000000 125.200000 166.600000 9.900000 1079.000000 798.900000 56.000000 -0.241903
251.400000 0.000000 118.300000 192.900000 5.800000 1043.600000 754.300000 56.000000 0.204181
178.000000 129.800000 118.600000 179.900000 3.600000 1007.300000 746.800000 100.000000 0.837561
173.500000 50.100000 173.500000 164.800000 6.500000 1006.200000 793.500000 100.000000 1.196201
173.800000 93.400000 159.900000 172.300000 9.700000 1007.200000 746.600000 100.000000 0.893691
213.500000 0.000000 174.200000 159.200000 11.700000 1043.600000 771.900000 100.000000 1.013041
251.400000 0.000000 118.300000 192.900000 5.800000 1043.600000 754.300000 100.000000 0.256175
446.000000 24.000000 79.000000 162.000000 11.600000 967.000000 712.000000 28.000000 1.253513
446.000000 24.000000 79.000000 162.000000 11.600000 967.000000 712.000000 28.000000 0.898418
446.000000 24.000000 79.000000 162.000000 11.600000 967.000000 712.000000 3.000000 -0.026838
446.000000 24.000000 79.000000 162.000000 10.300000 967.000000 712.000000 56.000000 1.119983
387.000000 20.000000 94.000000 157.000000 14.300000 938.000000 845.000000 28.000000 0.852332
387.000000 20.000000 94.000000 157.000000 13.900000 938.000000 845.000000 28.000000 0.641993
387.000000 20.000000 94.000000 157.000000 14.300000 938.000000 845.000000 56.000000 1.212745
387.000000 20.000000 94.000000 157.000000 11.600000 938.000000 845.000000 56.000000 1.515255
491.000000 26.000000 123.000000 201.000000 3.900000 822.000000 699.000000 28.000000 1.306097
491.000000 26.000000 123.000000 201.000000 3.900000 822.000000 699.000000 56.000000 1.538888
424.000000 22.000000 132.000000 168.000000 8.900000 822.000000 750.000000 56.000000 2.277438
284.000000 15.000000 141.000000 179.000000 5.500000 842.000000 801.000000 3.000000 -1.324322
284.000000 15.000000 141.000000 179.000000 5.500000 842.000000 801.000000 7.000000 -0.690351
284.000000 15.000000 141.000000 179.000000 5.500000 842.000000 801.000000 56.000000 0.514372
359.000000 19.000000 141.000000 154.000000 10.900000 942.000000 801.000000 28.000000 1.602699
359.000000 19.000000 141.000000 154.000000 10.900000 942.000000 801.000000 28.000000 1.398859
359.000000 19.000000 141.000000 154.000000 10.900000 942.000000 801.000000 7.000000 0.165185
359.000000 19.000000 141.000000 154.000000 10.900000 942.000000 801.000000 56.000000 1.945977
436.000000 0.000000 0.000000 218.000000 0.000000 838.400000 719.700000 28.000000 -0.706894
289.000000 0.000000 0.000000 192.000000 0.000000 913.200000 895.300000 90.000000 -0.221224
393.000000 0.000000 0.000000 192.000000 0.000000 940.600000 785.600000 90.000000 0.770206
255.000000 0.000000 0.000000 192.000000 0.000000 889.800000 945.000000 28.000000 -1.008223
255.000000 0.000000 0.000000 192.000000 0.000000 889.800000 945.000000 3.000000 -1.631559
238.200000 158.800000 0.000000 185.700000 0.000000 1040.600000 734.300000 7.000000 -1.189020
181.900000 272.800000 0.000000 185.700000 0.000000 1012.400000 714.300000 28.000000 -0.465241
255.500000 170.300000 0.000000 185.700000 0.000000 1026.600000 724.300000 7.000000 -1.097440
239.600000 359.400000 0.000000 185.700000 0.000000 941.600000 664.300000 28.000000 0.214225
397.000000 0.000000 0.000000 185.700000 0.000000 1040.600000 734.300000 28.000000 -0.161549
210.700000 316.100000 0.000000 185.700000 0.000000 977.000000 689.300000 7.000000 -0.826835
381.400000 0.000000 0.000000 185.700000 0.000000 1104.600000 784.300000 28.000000 -0.787249
220.800000 147.200000 0.000000 185.700000 0.000000 1055.000000 744.300000 7.000000 -1.342638
135.700000 203.500000 0.000000 185.700000 0.000000 1076.200000 759.300000 7.000000 -1.672327
238.100000 0.000000 0.000000 185.700000 0.000000 1118.800000 789.300000 28.000000 -1.077351
339.200000 0.000000 0.000000 185.700000 0.000000 1069.200000 754.300000 7.000000 -0.864649
170.300000 155.500000 0.000000 185.700000 0.000000 1026.600000 724.300000 28.000000 -0.595816
210.700000 316.100000 0.000000 185.700000 0.000000 977.000000 689.300000 28.000000 0.117918
228.000000 342.100000 0.000000 185.700000 0.000000 955.800000 674.300000 7.000000 -0.820926
290.200000 193.500000 0.000000 185.700000 0.000000 998.200000 704.300000 28.000000 -0.163912
186.200000 124.100000 0.000000 185.700000 0.000000 1083.400000 764.300000 7.000000 -1.643376
272.800000 181.900000 0.000000 185.700000 0.000000 1012.400000 714.300000 28.000000 -0.261992
339.000000 0.000000 0.000000 197.000000 0.000000 968.000000 781.000000 7.000000 -0.877056
339.000000 0.000000 0.000000 197.000000 0.000000 968.000000 781.000000 14.000000 -0.518416
339.000000 0.000000 0.000000 197.000000 0.000000 968.000000 781.000000 180.000000 0.037564
236.000000 0.000000 0.000000 194.000000 0.000000 968.000000 885.000000 28.000000 -1.027720
236.000000 0.000000 0.000000 193.000000 0.000000 968.000000 885.000000 365.000000 -0.634221
277.000000 0.000000 0.000000 191.000000 0.000000 968.000000 856.000000 180.000000 -0.205862
254.000000 0.000000 0.000000 198.000000 0.000000 968.000000 863.000000 365.000000 -0.355935
307.000000 0.000000 0.000000 193.000000 0.000000 968.000000 812.000000 180.000000 -0.078241
225.000000 0.000000 0.000000 181.000000 0.000000 1113.000000 833.000000 7.000000 -1.456079
275.000000 0.000000 0.000000 183.000000 0.000000 1088.000000 808.000000 7.000000 -1.277055
275.000000 0.000000 0.000000 183.000000 0.000000 1088.000000 808.000000 28.000000 -0.668490
300.000000 0.000000 0.000000 184.000000 0.000000 1075.000000 795.000000 7.000000 -1.195519
375.000000 0.000000 0.000000 186.000000 0.000000 1038.000000 758.000000 7.000000 -0.576319
375.000000 0.000000 0.000000 186.000000 0.000000 1038.000000 758.000000 28.000000 0.141552
250.000000 0.000000 0.000000 182.000000 0.000000 1100.000000 820.000000 7.000000 -1.363908
250.000000 0.000000 0.000000 182.000000 0.000000 1100.000000 820.000000 28.000000 -0.882965
141.300000 212.000000 0.000000 203.500000 0.000000 971.800000 748.500000 28.000000 -0.350027
183.900000 122.600000 0.000000 203.500000 0.000000 959.200000 800.000000 3.000000 -1.826536
166.800000 250.200000 0.000000 203.500000 0.000000 975.600000 692.600000 28.000000 -0.110146
108.300000 162.400000 0.000000 203.500000 0.000000 938.200000 849.000000 28.000000 -0.899508
157.000000 236.000000 0.000000 192.000000 0.000000 935.400000 781.200000 28.000000 -0.127280
173.000000 116.000000 0.000000 192.000000 0.000000 946.800000 856.800000 7.000000 -1.443081
192.000000 288.000000 0.000000 192.000000 0.000000 929.800000 716.100000 28.000000 0.207135
305.300000 203.500000 0.000000 203.500000 0.000000 965.400000 631.000000 28.000000 0.447016
183.900000 122.600000 0.000000 203.500000 0.000000 959.200000 800.000000 90.000000 -0.194045
102.000000 153.000000 0.000000 192.000000 0.000000 887.000000 942.000000 7.000000 -1.662283
288.000000 192.000000 0.000000 192.000000 0.000000 932.000000 717.800000 28.000000 0.176411
192.000000 288.000000 0.000000 192.000000 0.000000 929.800000 716.100000 90.000000 0.881283
133.000000 200.000000 0.000000 192.000000 0.000000 927.400000 839.200000 7.000000 -1.308960
157.000000 236.000000 0.000000 192.000000 0.000000 935.400000 781.200000 7.000000 -1.118119
212.000000 141.300000 0.000000 203.500000 0.000000 973.400000 750.000000 90.000000 0.229587
153.000000 102.000000 0.000000 192.000000 0.000000 888.000000 943.100000 28.000000 -1.054899
203.500000 305.300000 0.000000 203.500000 0.000000 963.400000 630.000000 3.000000 -1.551205
133.000000 200.000000 0.000000 192.000000 0.000000 927.400000 839.200000 3.000000 -1.709550
200.000000 133.000000 0.000000 192.000000 0.000000 965.400000 806.200000 7.000000 -1.101575
122.600000 183.900000 0.000000 203.500000 0.000000 958.200000 800.100000 3.000000 -1.919889
116.000000 173.000000 0.000000 192.000000 0.000000 909.800000 891.900000 3.000000 -1.745000
173.000000 116.000000 0.000000 192.000000 0.000000 946.800000 856.800000 90.000000 -0.219451
250.200000 166.800000 0.000000 203.500000 0.000000 977.600000 694.100000 28.000000 0.067697
153.000000 102.000000 0.000000 192.000000 0.000000 888.000000 943.100000 7.000000 -1.621515
116.000000 173.000000 0.000000 192.000000 0.000000 909.800000 891.900000 7.000000 -1.519890
141.300000 212.000000 0.000000 203.500000 0.000000 971.800000 748.500000 3.000000 -1.830672
203.500000 305.300000 0.000000 203.500000 0.000000 963.400000 630.000000 90.000000 0.948048
310.000000 0.000000 0.000000 192.000000 0.000000 1012.000000 830.000000 3.000000 -1.415902
310.000000 0.000000 0.000000 192.000000 0.000000 1012.000000 830.000000 7.000000 -1.097440
310.000000 0.000000 0.000000 192.000000 0.000000 1012.000000 830.000000 28.000000 -0.471740
310.000000 0.000000 0.000000 192.000000 0.000000 1012.000000 830.000000 120.000000 0.170503
331.000000 0.000000 0.000000 192.000000 0.000000 1025.000000 821.000000 3.000000 -1.270556
331.000000 0.000000 0.000000 192.000000 0.000000 1025.000000 821.000000 7.000000 -1.085623
331.000000 0.000000 0.000000 192.000000 0.000000 1025.000000 821.000000 90.000000 0.123827
331.000000 0.000000 0.000000 192.000000 0.000000 1025.000000 821.000000 120.000000 0.210680
349.000000 0.000000 0.000000 192.000000 0.000000 1056.000000 809.000000 90.000000 0.286308
238.000000 0.000000 0.000000 186.000000 0.000000 1119.000000 789.000000 7.000000 -1.404085
296.000000 0.000000 0.000000 186.000000 0.000000 1090.000000 769.000000 28.000000 -0.628313
480.000000 0.000000 0.000000 192.000000 0.000000 936.000000 721.000000 28.000000 0.477149
500.000000 0.000000 0.000000 200.000000 0.000000 1125.000000 613.000000 28.000000 0.488966
540.000000 0.000000 0.000000 173.000000 0.000000 1125.000000 613.000000 14.000000 1.414812
540.000000 0.000000 0.000000 173.000000 0.000000 1125.000000 613.000000 28.000000 1.860896
540.000000 0.000000 0.000000 173.000000 0.000000 1125.000000 613.000000 90.000000 1.999743
540.000000 0.000000 0.000000 173.000000 0.000000 1125.000000 613.000000 270.000000 2.266212
350.000000 0.000000 0.000000 203.000000 0.000000 974.000000 775.000000 14.000000 -0.784885
350.000000 0.000000 0.000000 203.000000 0.000000 974.000000 775.000000 56.000000 -0.344709
350.000000 0.000000 0.000000 203.000000 0.000000 974.000000 775.000000 90.000000 -0.263764
385.000000 0.000000 0.000000 186.000000 0.000000 966.000000 763.000000 3.000000 -1.247513
385.000000 0.000000 0.000000 186.000000 0.000000 966.000000 763.000000 14.000000 -0.466422
331.000000 0.000000 0.000000 192.000000 0.000000 978.000000 825.000000 180.000000 0.188228
281.000000 0.000000 0.000000 186.000000 0.000000 1104.000000 774.000000 28.000000 -0.790203
339.000000 0.000000 0.000000 185.000000 0.000000 1069.000000 754.000000 7.000000 -0.865830
339.000000 0.000000 0.000000 185.000000 0.000000 1069.000000 754.000000 28.000000 -0.234813
295.000000 0.000000 0.000000 185.000000 0.000000 1069.000000 769.000000 28.000000 -0.628313
238.000000 0.000000 0.000000 185.000000 0.000000 1118.000000 789.000000 28.000000 -1.079714
296.000000 0.000000 0.000000 192.000000 0.000000 1085.000000 765.000000 28.000000 -0.836879
331.000000 0.000000 0.000000 192.000000 0.000000 978.000000 825.000000 28.000000 -0.257856
331.000000 0.000000 0.000000 192.000000 0.000000 978.000000 825.000000 90.000000 0.083650
349.000000 0.000000 0.000000 192.000000 0.000000 1047.000000 806.000000 7.000000 -1.044855
349.000000 0.000000 0.000000 192.000000 0.000000 1047.000000 806.000000 360.000000 0.373161
302.000000 0.000000 0.000000 203.000000 0.000000 974.000000 817.000000 180.000000 -0.536142
525.000000 0.000000 0.000000 189.000000 0.000000 1125.000000 613.000000 180.000000 1.542433
500.000000 0.000000 0.000000 200.000000 0.000000 1125.000000 613.000000 90.000000 0.673899
500.000000 0.000000 0.000000 200.000000 0.000000 1125.000000 613.000000 270.000000 1.143026
393.000000 0.000000 0.000000 192.000000 0.000000 940.000000 758.000000 28.000000 0.222497
393.000000 0.000000 0.000000 192.000000 0.000000 940.000000 758.000000 90.000000 0.766660
382.000000 0.000000 0.000000 185.000000 0.000000 1047.000000 739.000000 7.000000 -0.698032
382.000000 0.000000 0.000000 185.000000 0.000000 1047.000000 739.000000 28.000000 0.094875
252.000000 0.000000 0.000000 185.000000 0.000000 1111.000000 784.000000 28.000000 -0.952684
310.000000 0.000000 0.000000 192.000000 0.000000 970.000000 850.000000 28.000000 -0.466422
310.000000 0.000000 0.000000 192.000000 0.000000 970.000000 850.000000 360.000000 0.135643
525.000000 0.000000 0.000000 189.000000 0.000000 1125.000000 613.000000 28.000000 1.189111
322.000000 0.000000 0.000000 203.000000 0.000000 974.000000 800.000000 180.000000 -0.367752
480.000000 0.000000 0.000000 192.000000 0.000000 936.000000 721.000000 3.000000 -0.674989
522.000000 0.000000 0.000000 146.000000 0.000000 896.000000 896.000000 7.000000 0.868285
522.000000 0.000000 0.000000 146.000000 0.000000 896.000000 896.000000 28.000000 2.314661
154.000000 144.000000 112.000000 220.000000 10.000000 923.000000 658.000000 28.000000 -1.141162
310.000000 143.000000 111.000000 168.000000 22.000000 914.000000 651.000000 28.000000 -0.125508
374.000000 0.000000 0.000000 190.000000 7.000000 1013.000000 730.000000 28.000000 0.191182
159.000000 149.000000 116.000000 175.000000 15.000000 953.000000 720.000000 28.000000 -0.480603
305.000000 0.000000 100.000000 196.000000 10.000000 959.000000 705.000000 28.000000 -0.336438
151.000000 0.000000 184.000000 167.000000 12.000000 991.000000 772.000000 28.000000 -1.196110
298.000000 137.000000 107.000000 201.000000 6.000000 878.000000 655.000000 28.000000 1.046128
252.000000 97.000000 76.000000 194.000000 8.000000 835.000000 821.000000 28.000000 -0.142642
165.000000 0.000000 150.000000 182.000000 12.000000 1023.000000 729.000000 28.000000 -1.050763
160.000000 188.000000 146.000000 203.000000 11.000000 829.000000 710.000000 28.000000 -0.175729
318.000000 0.000000 126.000000 210.000000 6.000000 861.000000 737.000000 28.000000 0.250857
314.000000 0.000000 113.000000 170.000000 10.000000 925.000000 783.000000 28.000000 0.156323
298.000000 0.000000 107.000000 210.000000 11.000000 880.000000 744.000000 28.000000 -0.233041
265.000000 111.000000 86.000000 195.000000 6.000000 833.000000 790.000000 28.000000 0.338302
276.000000 116.000000 90.000000 180.000000 9.000000 870.000000 768.000000 28.000000 0.500192
149.000000 139.000000 109.000000 193.000000 6.000000 892.000000 780.000000 28.000000 -0.716348
155.000000 183.000000 0.000000 193.000000 9.000000 1047.000000 697.000000 28.000000 -1.035992
153.000000 145.000000 113.000000 178.000000 8.000000 867.000000 824.000000 28.000000 -0.566274
262.000000 111.000000 86.000000 195.000000 5.000000 895.000000 733.000000 28.000000 -0.123735
158.000000 0.000000 195.000000 220.000000 11.000000 898.000000 713.000000 28.000000 -1.611470
313.000000 161.000000 0.000000 178.000000 10.000000 917.000000 759.000000 28.000000 0.982317
284.000000 120.000000 0.000000 168.000000 7.000000 970.000000 794.000000 28.000000 0.302260
150.000000 237.000000 0.000000 174.000000 12.000000 1069.000000 675.000000 28.000000 0.095466
136.000000 162.000000 126.000000 172.000000 10.000000 923.000000 764.000000 28.000000 -0.398476
255.000000 99.000000 77.000000 189.000000 6.000000 919.000000 749.000000 28.000000 -0.119009
136.000000 196.000000 98.000000 199.000000 6.000000 847.000000 783.000000 28.000000 -0.522552
164.000000 163.000000 128.000000 197.000000 8.000000 961.000000 641.000000 28.000000 -0.507190
157.000000 214.000000 152.000000 200.000000 9.000000 819.000000 704.000000 28.000000 -0.163322
156.000000 178.000000 187.000000 221.000000 7.000000 854.000000 614.000000 28.000000 -0.378387
313.300000 0.000000 113.000000 178.500000 8.000000 1001.900000 688.700000 28.000000 0.058243
313.300000 145.000000 0.000000 178.500000 8.000000 867.200000 824.000000 28.000000 0.302260
153.100000 145.000000 113.000000 178.500000 8.000000 1001.900000 688.700000 28.000000 -0.605861
299.800000 0.000000 119.800000 211.500000 9.900000 878.200000 727.600000 28.000000 -0.707485
153.100000 145.000000 113.000000 178.500000 8.000000 867.200000 824.000000 28.000000 -0.566274
326.500000 0.000000 137.900000 199.000000 10.800000 801.100000 792.500000 28.000000 0.166367
261.900000 110.500000 86.100000 195.400000 5.000000 895.200000 732.600000 28.000000 -0.123735
284.000000 119.700000 0.000000 168.300000 7.200000 970.400000 794.200000 28.000000 0.302260
266.200000 112.300000 87.500000 177.900000 10.400000 909.700000 744.500000 28.000000 0.213043
314.000000 145.300000 113.200000 178.900000 8.000000 869.100000 690.200000 28.000000 0.615405
312.700000 144.700000 0.000000 127.300000 8.000000 999.700000 822.200000 28.000000 0.514372
145.400000 0.000000 178.900000 201.700000 7.800000 824.000000 868.700000 28.000000 -1.493302
312.700000 0.000000 0.000000 178.100000 8.000000 999.700000 822.200000 28.000000 -0.633039
136.400000 161.600000 125.800000 171.600000 10.400000 922.600000 764.400000 28.000000 -0.398476
272.800000 105.100000 81.800000 209.700000 9.000000 904.000000 679.700000 28.000000 0.080104
151.800000 178.100000 138.700000 167.500000 18.300000 944.000000 694.600000 28.000000 0.031656
309.900000 142.800000 111.200000 167.800000 22.100000 913.900000 651.200000 28.000000 0.142143
143.600000 0.000000 174.900000 158.400000 17.900000 942.700000 844.500000 28.000000 -1.204972
150.900000 0.000000 183.900000 166.600000 11.600000 991.200000 772.200000 28.000000 -1.196110
297.800000 137.200000 106.900000 201.300000 6.000000 878.400000 655.300000 28.000000 1.046128
366.000000 187.000000 0.000000 191.300000 6.600000 824.300000 756.900000 28.000000 1.778178
155.600000 243.500000 0.000000 180.300000 10.700000 1022.000000 697.700000 28.000000 0.091330
287.300000 120.500000 93.900000 187.600000 9.200000 904.400000 695.900000 28.000000 0.471831
132.000000 206.500000 160.900000 178.900000 5.500000 866.900000 735.600000 28.000000 -0.147960
164.200000 0.000000 200.100000 181.200000 12.600000 849.300000 846.000000 28.000000 -1.224470
264.500000 111.000000 86.500000 195.500000 5.900000 832.600000 790.400000 28.000000 0.338302
159.100000 186.700000 0.000000 175.600000 11.300000 989.600000 788.900000 28.000000 -0.179865
