540.000000 0.000000 0.000000 162.000000 2.500000 1040.000000 676.000000 28.000000 2.514868
332.500000 142.500000 0.000000 228.000000 0.000000 932.000000 594.000000 365.000000 0.212518
475.000000 0.000000 0.000000 228.000000 0.000000 932.000000 594.000000 28.000000 0.108457
198.600000 132.400000 0.000000 192.000000 0.000000 978.400000 825.500000 28.000000 -0.557889
427.500000 47.500000 0.000000 228.000000 0.000000 932.000000 594.000000 270.000000 0.328404
139.600000 209.400000 0.000000 192.000000 0.000000 1047.000000 806.900000 90.000000 0.112595
475.000000 0.000000 0.000000 228.000000 0.000000 932.000000 594.000000 180.000000 0.305345
139.600000 209.400000 0.000000 192.000000 0.000000 1047.000000 806.900000 3.000000 -1.738036
380.000000 95.000000 0.000000 228.000000 0.000000 932.000000 594.000000 270.000000 0.218430
342.000000 38.000000 0.000000 228.000000 0.000000 932.000000 670.000000 180.000000 0.867038
427.500000 47.500000 0.000000 228.000000 0.000000 932.000000 594.000000 28.000000 -0.001517
266.000000 114.000000 0.000000 228.000000 0.000000 932.000000 670.000000 365.000000 0.913747
475.000000 0.000000 0.000000 228.000000 0.000000 932.000000 594.000000 270.000000 0.276373
190.000000 190.000000 0.000000 228.000000 0.000000 932.000000 670.000000 365.000000 0.959865
237.500000 237.500000 0.000000 228.000000 0.000000 932.000000 594.000000 270.000000 0.056426
237.500000 237.500000 0.000000 228.000000 0.000000 932.000000 594.000000 180.000000 -0.071285
427.500000 47.500000 0.000000 228.000000 0.000000 932.000000 594.000000 90.000000 0.241489
427.500000 47.500000 0.000000 228.000000 0.000000 932.000000 594.000000 7.000000 -0.140462
237.500000 237.500000 0.000000 228.000000 0.000000 932.000000 594.000000 7.000000 -0.661950
380.000000 95.000000 0.000000 228.000000 0.000000 932.000000 594.000000 7.000000 -0.274086
190.000000 190.000000 0.000000 228.000000 0.000000 932.000000 670.000000 180.000000 0.560176
139.600000 209.400000 0.000000 192.000000 0.000000 1047.000000 806.900000 7.000000 -1.351945
198.600000 132.400000 0.000000 192.000000 0.000000 978.400000 825.500000 3.000000 -1.674771
310.000000 0.000000 0.000000 192.000000 0.000000 971.000000 850.600000 3.000000 -1.631018
139.600000 209.400000 0.000000 192.000000 0.000000 1047.000000 806.900000 360.000000 0.428326
332.500000 142.500000 0.000000 228.000000 0.000000 932.000000 594.000000 7.000000 -0.424265
425.000000 106.300000 0.000000 153.500000 16.500000 852.100000 887.100000 3.000000 -0.239793
469.000000 117.200000 0.000000 137.800000 32.200000 852.100000 840.500000 3.000000 0.162261
531.300000 0.000000 0.000000 141.800000 28.200000 852.100000 893.700000 3.000000 0.227299
362.600000 189.000000 0.000000 164.900000 11.600000 944.700000 755.800000 3.000000 -0.127454
389.900000 189.000000 0.000000 145.900000 22.000000 944.700000 755.800000 3.000000 0.185911
425.000000 106.300000 0.000000 153.500000 16.500000 852.100000 887.100000 7.000000 0.694391
375.000000 93.800000 0.000000 126.600000 23.400000 852.100000 992.600000 7.000000 0.487452
531.300000 0.000000 0.000000 141.800000 28.200000 852.100000 893.700000 7.000000 0.558402
425.000000 106.300000 0.000000 153.500000 16.500000 852.100000 887.100000 7.000000 0.694391
323.700000 282.800000 0.000000 183.800000 10.300000 942.700000 659.900000 7.000000 0.729867
374.000000 189.200000 0.000000 170.100000 10.100000 926.100000 756.700000 28.000000 1.397395
469.000000 117.200000 0.000000 137.800000 32.200000 852.100000 840.500000 28.000000 1.740914
388.600000 97.100000 0.000000 157.900000 12.100000 852.100000 925.700000 28.000000 0.783080
362.600000 189.000000 0.000000 164.900000 11.600000 944.700000 755.800000 28.000000 2.001067
362.600000 189.000000 0.000000 164.900000 11.600000 944.700000 755.800000 28.000000 2.001067
362.600000 189.000000 0.000000 164.900000 11.600000 944.700000 755.800000 28.000000 2.001067
374.000000 189.200000 0.000000 170.100000 10.100000 926.100000 756.700000 56.000000 1.533975
375.000000 93.800000 0.000000 126.600000 23.400000 852.100000 992.600000 56.000000 1.344773
475.000000 118.800000 0.000000 181.100000 8.900000 852.100000 781.500000 56.000000 2.060193
469.000000 117.200000 0.000000 137.800000 32.200000 852.100000 840.500000 56.000000 1.882816
425.000000 106.300000 0.000000 153.500000 16.500000 852.100000 887.100000 56.000000 1.587188
425.000000 106.300000 0.000000 153.500000 16.500000 852.100000 887.100000 56.000000 1.587188
362.600000 189.000000 0.000000 164.900000 11.600000 944.700000 755.800000 56.000000 2.355820
286.300000 200.900000 0.000000 144.700000 11.200000 1004.600000 803.700000 56.000000 2.100989
374.000000 189.200000 0.000000 170.100000 10.100000 926.100000 756.700000 91.000000 1.622663
475.000000 118.800000 0.000000 181.100000 8.900000 852.100000 781.500000 91.000000 2.171940
469.000000 117.200000 0.000000 137.800000 32.200000 852.100000 840.500000 91.000000 1.965592
362.600000 189.000000 0.000000 164.900000 11.600000 944.700000 755.800000 91.000000 2.474072
389.900000 189.000000 0.000000 145.900000 22.000000 944.700000 755.800000 91.000000 2.669186
362.600000 189.000000 0.000000 164.900000 11.600000 944.700000 755.800000 91.000000 2.474072
222.400000 0.000000 96.700000 189.300000 4.500000 967.100000 870.300000 14.000000 -0.768967
222.400000 0.000000 96.700000 189.300000 4.500000 967.100000 870.300000 56.000000 -0.473339
233.800000 0.000000 94.600000 197.900000 4.600000 947.000000 852.200000 56.000000 -0.579174
194.700000 0.000000 100.500000 165.600000 7.500000 1006.400000 905.900000 28.000000 -0.693878
194.700000 0.000000 100.500000 165.600000 7.500000 1006.400000 905.900000 100.000000 -0.006838
190.700000 0.000000 125.400000 162.100000 7.800000 1090.000000 804.000000 56.000000 -0.125089
212.100000 0.000000 121.600000 180.300000 5.700000 1057.600000 779.300000 28.000000 -0.742361
212.100000 0.000000 121.600000 180.300000 5.700000 1057.600000 779.300000 100.000000 0.127377
230.000000 0.000000 118.300000 195.500000 4.600000 1029.400000 758.600000 14.000000 -1.027346
190.300000 0.000000 125.200000 161.900000 9.900000 1088.100000 802.600000 3.000000 -1.655851
190.300000 0.000000 125.200000 161.900000 9.900000 1088.100000 802.600000 28.000000 -0.531282
166.100000 0.000000 163.300000 176.500000 4.500000 1058.600000 780.100000 56.000000 -0.521822
168.000000 42.100000 163.800000 121.800000 5.700000 1058.700000 780.100000 3.000000 -1.756365
168.000000 42.100000 163.800000 121.800000 5.700000 1058.700000 780.100000 14.000000 -1.160970
213.700000 98.100000 24.500000 181.700000 6.900000 1065.800000 785.400000 56.000000 0.787218
213.800000 98.100000 24.500000 181.700000 6.700000 1066.000000 785.500000 3.000000 -1.435313
213.800000 98.100000 24.500000 181.700000 6.700000 1066.000000 785.500000 14.000000 -1.159787
213.800000 98.100000 24.500000 181.700000 6.700000 1066.000000 785.500000 28.000000 0.164035
229.700000 0.000000 118.200000 195.200000 6.100000 1028.100000 757.600000 28.000000 -0.763646
229.700000 0.000000 118.200000 195.200000 6.100000 1028.100000 757.600000 56.000000 -0.361001
238.100000 0.000000 94.100000 186.700000 7.000000 949.900000 847.000000 3.000000 -1.036215
238.100000 0.000000 94.100000 186.700000 7.000000 949.900000 847.000000 100.000000 0.404676
250.000000 0.000000 95.700000 187.400000 5.500000 956.900000 861.200000 14.000000 -0.741178
250.000000 0.000000 95.700000 187.400000 5.500000 956.900000 861.200000 28.000000 -0.486938
250.000000 0.000000 95.700000 187.400000 5.500000 956.900000 861.200000 100.000000 0.289381
212.500000 0.000000 100.400000 159.300000 8.700000 1007.800000 903.600000 28.000000 -0.343854
212.600000 0.000000 100.400000 159.400000 10.400000 1003.800000 903.800000 3.000000 -1.426444
212.600000 0.000000 100.400000 159.400000 10.400000 1003.800000 903.800000 14.000000 -0.714572
212.600000 0.000000 100.400000 159.400000 10.400000 1003.800000 903.800000 56.000000 0.410588
212.000000 0.000000 124.800000 159.000000 7.800000 1085.400000 799.500000 3.000000 -1.060456
212.000000 0.000000 124.800000 159.000000 7.800000 1085.400000 799.500000 28.000000 0.061747
212.000000 0.000000 124.800000 159.000000 7.800000 1085.400000 799.500000 100.000000 0.612798
231.800000 0.000000 121.600000 174.000000 6.700000 1056.400000 778.500000 14.000000 -0.631796
231.800000 0.000000 121.600000 174.000000 6.700000 1056.400000 778.500000 100.000000 0.495729
251.400000 0.000000 118.300000 188.500000 6.400000 1028.400000 757.700000 14.000000 -0.770150
251.400000 0.000000 118.300000 188.500000 6.400000 1028.400000 757.700000 100.000000 0.399355
181.400000 0.000000 167.000000 169.600000 7.600000 1055.600000 777.800000 3.000000 -1.409297
181.400000 0.000000 167.000000 169.600000 7.600000 1055.600000 777.800000 100.000000 0.467940
168.900000 42.200000 124.300000 158.300000 10.800000 1080.800000 796.200000 28.000000 -0.374599
290.400000 0.000000 96.200000 168.100000 9.400000 961.200000 865.000000 14.000000 -0.164704
290.400000 0.000000 96.200000 168.100000 9.400000 961.200000 865.000000 28.000000 -0.160565
277.100000 0.000000 97.400000 160.600000 11.800000 973.900000 875.600000 56.000000 0.803182
295.700000 0.000000 95.600000 171.500000 8.900000 955.100000 859.200000 28.000000 0.146888
295.700000 0.000000 95.600000 171.500000 8.900000 955.100000 859.200000 100.000000 0.862308
251.800000 0.000000 99.900000 146.100000 12.400000 1006.000000 899.800000 28.000000 -0.207865
251.800000 0.000000 99.900000 146.100000 12.400000 1006.000000 899.800000 56.000000 0.395216
249.100000 0.000000 98.800000 158.100000 12.800000 987.800000 889.000000 14.000000 -0.518866
249.100000 0.000000 98.800000 158.100000 12.800000 987.800000 889.000000 56.000000 0.270461
249.100000 0.000000 98.800000 158.100000 12.800000 987.800000 889.000000 100.000000 0.804365
246.800000 0.000000 125.100000 143.300000 12.000000 1086.800000 800.900000 14.000000 0.281695
246.800000 0.000000 125.100000 143.300000 12.000000 1086.800000 800.900000 56.000000 1.351868
275.100000 0.000000 121.400000 159.500000 9.900000 1053.600000 777.500000 56.000000 1.146702
213.700000 0.000000 174.700000 154.800000 10.200000 1053.500000 776.400000 3.000000 -1.175751
213.500000 0.000000 174.200000 154.600000 11.700000 1052.300000 775.500000 28.000000 0.501642
213.500000 0.000000 174.200000 154.600000 11.700000 1052.300000 775.500000 56.000000 0.826241
277.200000 97.800000 24.500000 160.700000 11.200000 1061.700000 782.500000 28.000000 1.518602
277.200000 97.800000 24.500000 160.700000 11.200000 1061.700000 782.500000 100.000000 1.743871
218.200000 54.600000 123.800000 140.800000 11.900000 1075.700000 792.700000 14.000000 -0.088432
218.200000 54.600000 123.800000 140.800000 11.900000 1075.700000 792.700000 28.000000 1.067474
214.900000 53.800000 121.900000 155.600000 9.600000 1014.300000 780.600000 56.000000 0.975829
214.900000 53.800000 121.900000 155.600000 9.600000 1014.300000 780.600000 100.000000 1.133694
218.900000 0.000000 124.100000 158.500000 11.300000 1078.700000 794.900000 14.000000 -0.674366
376.000000 0.000000 0.000000 214.600000 0.000000 1003.500000 762.400000 56.000000 -0.068329
315.000000 137.000000 0.000000 145.000000 5.900000 1130.000000 745.000000 28.000000 2.618929
505.000000 0.000000 60.000000 195.000000 0.000000 1030.000000 630.000000 28.000000 1.570633
451.000000 0.000000 0.000000 165.000000 11.300000 1030.000000 745.000000 28.000000 2.444509
516.000000 0.000000 0.000000 162.000000 8.200000 801.000000 802.000000 28.000000 0.231438
520.000000 0.000000 0.000000 170.000000 5.200000 855.000000 855.000000 28.000000 1.349503
520.000000 0.000000 0.000000 175.000000 5.200000 870.000000 805.000000 28.000000 0.802000
450.100000 50.000000 0.000000 200.000000 3.000000 1124.400000 613.200000 28.000000 0.113778
397.000000 17.200000 158.000000 167.000000 20.800000 967.000000 633.000000 28.000000 1.075751
333.000000 17.500000 163.000000 167.000000 17.900000 996.000000 652.000000 28.000000 0.580870
334.000000 17.600000 158.000000 189.000000 15.300000 967.000000 633.000000 28.000000 0.406450
405.000000 0.000000 0.000000 175.000000 0.000000 1120.000000 695.000000 28.000000 0.877681
250.000000 180.000000 95.000000 159.000000 9.500000 860.000000 800.000000 28.000000 1.798266
475.000000 0.000000 0.000000 162.000000 9.500000 1044.000000 662.000000 28.000000 1.245442
178.000000 129.800000 118.600000 179.900000 3.600000 1007.300000 746.800000 3.000000 -0.988914
173.500000 50.100000 173.500000 164.800000 6.500000 1006.200000 793.500000 3.000000 -0.849969
167.000000 75.400000 167.000000 164.000000 7.900000 1007.300000 770.100000 3.000000 -1.296959
165.000000 128.500000 132.100000 175.100000 8.100000 1005.800000 746.600000 14.000000 -0.258122
178.000000 129.800000 118.600000 179.900000 3.600000 1007.300000 746.800000 14.000000 -0.190128
172.400000 13.600000 172.400000 156.800000 4.100000 1006.300000 856.400000 14.000000 -0.455601
167.000000 75.400000 167.000000 164.000000 7.900000 1007.300000 770.100000 14.000000 -0.269356
165.000000 128.500000 132.100000 175.100000 8.100000 1005.800000 746.600000 28.000000 0.528248
178.000000 129.800000 118.600000 179.900000 3.600000 1007.300000 746.800000 28.000000 0.100770
167.400000 129.900000 128.600000 175.500000 7.800000 1006.300000 746.600000 28.000000 0.221387
172.400000 13.600000 172.400000 156.800000 4.100000 1006.300000 856.400000 28.000000 -0.222647
173.800000 93.400000 159.900000 172.300000 9.700000 1007.200000 746.600000 28.000000 0.020951
194.700000 0.000000 100.500000 170.200000 7.500000 998.000000 901.800000 28.000000 -0.010977
251.400000 0.000000 118.300000 192.900000 5.800000 1043.600000 754.300000 28.000000 -0.247479
173.500000 50.100000 173.500000 164.800000 6.500000 1006.200000 793.500000 56.000000 0.964595
167.000000 75.400000 167.000000 164.000000 7.900000 1007.300000 770.100000 56.000000 0.946266
190.300000 0.000000 125.200000 166.600000 9.900000 1079.000000 798.900000 56.000000 -0.339124
213.500000 0.000000 174.200000 159.200000 11.700000 1043.600000 771.900000 56.000000 0.816190
251.400000 0.000000 118.300000 192.900000 5.800000 1043.600000 754.300000 56.000000 0.107274
178.000000 129.800000 118.600000 179.900000 3.600000 1007.300000 746.800000 100.000000 0.741101
172.400000 13.600000 172.400000 156.800000 4.100000 1006.300000 856.400000 100.000000 0.013264
173.800000 93.400000 159.900000 172.300000 9.700000 1007.200000 746.600000 100.000000 0.797270
190.300000 0.000000 125.200000 166.600000 9.900000 1079.000000 798.900000 100.000000 -0.230333
213.500000 0.000000 174.200000 159.200000 11.700000 1043.600000 771.900000 100.000000 0.916704
194.700000 0.000000 100.500000 170.200000 7.500000 998.000000 901.800000 100.000000 0.403493
251.400000 0.000000 118.300000 192.900000 5.800000 1043.600000 754.300000 100.000000 0.159305
446.000000 24.000000 79.000000 162.000000 10.300000 967.000000 712.000000 28.000000 0.942128
446.000000 24.000000 79.000000 162.000000 11.600000 967.000000 712.000000 56.000000 1.052101
446.000000 24.000000 79.000000 162.000000 10.300000 967.000000 712.000000 56.000000 1.023721
387.000000 20.000000 94.000000 157.000000 14.300000 938.000000 845.000000 28.000000 0.755882
387.000000 20.000000 94.000000 157.000000 13.900000 938.000000 845.000000 28.000000 0.545395
387.000000 20.000000 94.000000 157.000000 14.300000 938.000000 845.000000 56.000000 1.116548
387.000000 20.000000 94.000000 157.000000 13.900000 938.000000 845.000000 56.000000 0.621667
387.000000 20.000000 94.000000 157.000000 11.600000 938.000000 845.000000 56.000000 1.419271
355.000000 19.000000 97.000000 145.000000 13.100000 967.000000 871.000000 28.000000 0.388712
355.000000 19.000000 97.000000 145.000000 12.300000 967.000000 871.000000 28.000000 1.063926
491.000000 26.000000 123.000000 201.000000 3.900000 822.000000 699.000000 28.000000 1.209966
491.000000 26.000000 123.000000 210.000000 3.900000 882.000000 699.000000 3.000000 -0.700381
491.000000 26.000000 123.000000 201.000000 3.900000 822.000000 699.000000 7.000000 0.027455
491.000000 26.000000 123.000000 201.000000 3.900000 822.000000 699.000000 56.000000 1.442921
424.000000 22.000000 132.000000 168.000000 8.900000 822.000000 750.000000 28.000000 2.048367
424.000000 22.000000 132.000000 178.000000 8.500000 822.000000 750.000000 7.000000 0.091310
424.000000 22.000000 132.000000 168.000000 8.900000 822.000000 750.000000 56.000000 2.181991
202.000000 11.000000 141.000000 206.000000 1.700000 942.000000 801.000000 3.000000 -1.632201
359.000000 19.000000 141.000000 154.000000 10.900000 942.000000 801.000000 28.000000 1.506777
359.000000 19.000000 141.000000 154.000000 10.900000 942.000000 801.000000 7.000000 0.068251
359.000000 19.000000 141.000000 154.000000 10.900000 942.000000 801.000000 56.000000 1.733819
393.000000 0.000000 0.000000 192.000000 0.000000 940.600000 785.600000 90.000000 0.673697
480.000000 0.000000 0.000000 192.000000 0.000000 936.200000 712.200000 28.000000 0.383391
255.000000 0.000000 0.000000 192.000000 0.000000 889.800000 945.000000 90.000000 -0.922102
289.000000 0.000000 0.000000 192.000000 0.000000 913.200000 895.300000 7.000000 -1.351354
289.000000 0.000000 0.000000 192.000000 0.000000 913.200000 895.300000 28.000000 -0.702746
393.000000 0.000000 0.000000 192.000000 0.000000 940.600000 785.600000 7.000000 -0.574444
255.000000 0.000000 0.000000 192.000000 0.000000 889.800000 945.000000 3.000000 -1.729758
158.800000 238.200000 0.000000 185.700000 0.000000 1040.600000 734.300000 7.000000 -1.645800
272.800000 181.900000 0.000000 185.700000 0.000000 1012.400000 714.300000 7.000000 -1.045675
239.600000 359.400000 0.000000 185.700000 0.000000 941.600000 664.300000 28.000000 0.117326
220.800000 147.200000 0.000000 185.700000 0.000000 1055.000000 744.300000 28.000000 -0.692104
397.000000 0.000000 0.000000 185.700000 0.000000 1040.600000 734.300000 28.000000 -0.258713
210.700000 316.100000 0.000000 185.700000 0.000000 977.000000 689.300000 7.000000 -0.924467
255.500000 170.300000 0.000000 185.700000 0.000000 1026.600000 724.300000 28.000000 -0.319613
381.400000 0.000000 0.000000 185.700000 0.000000 1104.600000 784.300000 28.000000 -0.884853
228.000000 342.100000 0.000000 185.700000 0.000000 955.800000 674.300000 28.000000 0.132698
135.700000 203.500000 0.000000 185.700000 0.000000 1076.200000 759.300000 7.000000 -1.770555
339.200000 0.000000 0.000000 185.700000 0.000000 1069.200000 754.300000 7.000000 -0.962308
228.000000 342.100000 0.000000 185.700000 0.000000 955.800000 674.300000 7.000000 -0.918555
290.200000 193.500000 0.000000 185.700000 0.000000 998.200000 704.300000 28.000000 -0.261078
186.200000 124.100000 0.000000 185.700000 0.000000 1083.400000 764.300000 7.000000 -1.741583
272.800000 181.900000 0.000000 185.700000 0.000000 1012.400000 714.300000 28.000000 -0.359227
339.000000 0.000000 0.000000 197.000000 0.000000 968.000000 781.000000 7.000000 -0.974724
339.000000 0.000000 0.000000 197.000000 0.000000 968.000000 781.000000 90.000000 -0.135141
339.000000 0.000000 0.000000 197.000000 0.000000 968.000000 781.000000 180.000000 -0.059460
277.000000 0.000000 0.000000 191.000000 0.000000 968.000000 856.000000 360.000000 -0.222055
254.000000 0.000000 0.000000 198.000000 0.000000 968.000000 863.000000 365.000000 -0.453236
325.000000 0.000000 0.000000 184.000000 0.000000 1063.000000 783.000000 7.000000 -1.177525
275.000000 0.000000 0.000000 183.000000 0.000000 1088.000000 808.000000 28.000000 -0.766011
400.000000 0.000000 0.000000 187.000000 0.000000 1025.000000 745.000000 28.000000 0.369201
400.000000 0.000000 0.000000 187.000000 0.000000 1025.000000 745.000000 7.000000 -0.432543
350.000000 0.000000 0.000000 186.000000 0.000000 1050.000000 770.000000 28.000000 -0.187171
157.000000 236.000000 0.000000 192.000000 0.000000 935.400000 781.200000 90.000000 0.350280
166.800000 250.200000 0.000000 203.500000 0.000000 975.600000 692.600000 28.000000 -0.207274
108.300000 162.400000 0.000000 203.500000 0.000000 938.200000 849.000000 28.000000 -0.997192
116.000000 173.000000 0.000000 192.000000 0.000000 909.800000 891.900000 90.000000 -0.380512
173.000000 116.000000 0.000000 192.000000 0.000000 946.800000 856.800000 7.000000 -1.541147
192.000000 288.000000 0.000000 192.000000 0.000000 929.800000 716.100000 3.000000 -1.458372
192.000000 288.000000 0.000000 192.000000 0.000000 929.800000 716.100000 28.000000 0.110230
305.300000 203.500000 0.000000 203.500000 0.000000 965.400000 631.000000 28.000000 0.350280
236.000000 157.000000 0.000000 192.000000 0.000000 972.600000 749.100000 3.000000 -1.412254
166.800000 250.200000 0.000000 203.500000 0.000000 975.600000 692.600000 7.000000 -1.283360
133.000000 200.000000 0.000000 192.000000 0.000000 927.400000 839.200000 90.000000 -0.051182
133.000000 200.000000 0.000000 192.000000 0.000000 927.400000 839.200000 7.000000 -1.406932
305.300000 203.500000 0.000000 203.500000 0.000000 965.400000 631.000000 3.000000 -1.378552
157.000000 236.000000 0.000000 192.000000 0.000000 935.400000 781.200000 7.000000 -1.215957
212.000000 141.300000 0.000000 203.500000 0.000000 973.400000 750.000000 90.000000 0.132698
108.300000 162.400000 0.000000 203.500000 0.000000 938.200000 849.000000 7.000000 -1.758138
288.000000 192.000000 0.000000 192.000000 0.000000 932.000000 717.800000 90.000000 0.773028
192.000000 288.000000 0.000000 192.000000 0.000000 929.800000 716.100000 7.000000 -0.944570
157.000000 236.000000 0.000000 192.000000 0.000000 935.400000 781.200000 3.000000 -1.641661
153.000000 102.000000 0.000000 192.000000 0.000000 888.000000 943.100000 7.000000 -1.719707
116.000000 173.000000 0.000000 192.000000 0.000000 909.800000 891.900000 7.000000 -1.618011
141.300000 212.000000 0.000000 203.500000 0.000000 971.800000 748.500000 3.000000 -1.929011
310.000000 0.000000 0.000000 192.000000 0.000000 1012.000000 830.000000 3.000000 -1.513950
310.000000 0.000000 0.000000 192.000000 0.000000 1012.000000 830.000000 7.000000 -1.195263
310.000000 0.000000 0.000000 192.000000 0.000000 1012.000000 830.000000 120.000000 0.073573
331.000000 0.000000 0.000000 192.000000 0.000000 1025.000000 821.000000 3.000000 -1.368501
331.000000 0.000000 0.000000 192.000000 0.000000 1025.000000 821.000000 90.000000 0.026863
349.000000 0.000000 0.000000 192.000000 0.000000 1056.000000 809.000000 28.000000 -0.227377
349.000000 0.000000 0.000000 192.000000 0.000000 1056.000000 809.000000 90.000000 0.189459
349.000000 0.000000 0.000000 192.000000 0.000000 1056.000000 809.000000 120.000000 0.201284
238.000000 0.000000 0.000000 186.000000 0.000000 1119.000000 789.000000 28.000000 -1.177525
296.000000 0.000000 0.000000 186.000000 0.000000 1090.000000 769.000000 28.000000 -0.725805
297.000000 0.000000 0.000000 186.000000 0.000000 1040.000000 734.000000 7.000000 -0.384060
500.000000 0.000000 0.000000 200.000000 0.000000 1125.000000 613.000000 28.000000 0.392260
540.000000 0.000000 0.000000 173.000000 0.000000 1125.000000 613.000000 7.000000 0.896010
540.000000 0.000000 0.000000 173.000000 0.000000 1125.000000 613.000000 270.000000 2.170757
350.000000 0.000000 0.000000 203.000000 0.000000 974.000000 775.000000 56.000000 -0.442003
350.000000 0.000000 0.000000 203.000000 0.000000 974.000000 775.000000 180.000000 -0.279998
385.000000 0.000000 0.000000 186.000000 0.000000 966.000000 763.000000 3.000000 -1.345442
385.000000 0.000000 0.000000 186.000000 0.000000 966.000000 763.000000 7.000000 -0.841692
385.000000 0.000000 0.000000 186.000000 0.000000 966.000000 763.000000 28.000000 -0.361001
331.000000 0.000000 0.000000 192.000000 0.000000 978.000000 825.000000 180.000000 0.091310
281.000000 0.000000 0.000000 186.000000 0.000000 1104.000000 774.000000 28.000000 -0.887810
339.000000 0.000000 0.000000 185.000000 0.000000 1069.000000 754.000000 7.000000 -0.963490
339.000000 0.000000 0.000000 185.000000 0.000000 1069.000000 754.000000 28.000000 -0.332029
295.000000 0.000000 0.000000 185.000000 0.000000 1069.000000 769.000000 28.000000 -0.725805
331.000000 0.000000 0.000000 192.000000 0.000000 879.000000 825.000000 3.000000 -1.415210
331.000000 0.000000 0.000000 192.000000 0.000000 978.000000 825.000000 28.000000 -0.355088
349.000000 0.000000 0.000000 192.000000 0.000000 1047.000000 806.000000 180.000000 0.212518
525.000000 0.000000 0.000000 189.000000 0.000000 1125.000000 613.000000 180.000000 1.446469
500.000000 0.000000 0.000000 200.000000 0.000000 1125.000000 613.000000 270.000000 1.046780
393.000000 0.000000 0.000000 192.000000 0.000000 940.000000 758.000000 3.000000 -1.084698
393.000000 0.000000 0.000000 192.000000 0.000000 940.000000 758.000000 28.000000 0.125603
393.000000 0.000000 0.000000 192.000000 0.000000 940.000000 758.000000 90.000000 0.670150
382.000000 0.000000 0.000000 185.000000 0.000000 1047.000000 739.000000 7.000000 -0.795574
252.000000 0.000000 0.000000 185.000000 0.000000 1111.000000 784.000000 28.000000 -1.050405
310.000000 0.000000 0.000000 192.000000 0.000000 970.000000 850.000000 360.000000 0.038688
525.000000 0.000000 0.000000 189.000000 0.000000 1125.000000 613.000000 7.000000 0.293520
525.000000 0.000000 0.000000 189.000000 0.000000 1125.000000 613.000000 270.000000 1.753331
322.000000 0.000000 0.000000 203.000000 0.000000 974.000000 800.000000 14.000000 -0.986549
480.000000 0.000000 0.000000 192.000000 0.000000 936.000000 721.000000 3.000000 -0.772515
522.000000 0.000000 0.000000 146.000000 0.000000 896.000000 896.000000 7.000000 0.771846
522.000000 0.000000 0.000000 146.000000 0.000000 896.000000 896.000000 28.000000 2.219240
147.000000 115.000000 89.000000 202.000000 9.000000 860.000000 829.000000 28.000000 -1.032667
152.000000 178.000000 139.000000 168.000000 18.000000 944.000000 695.000000 28.000000 -0.065373
310.000000 143.000000 111.000000 168.000000 22.000000 914.000000 651.000000 28.000000 -0.222647
304.000000 140.000000 0.000000 214.000000 6.000000 895.000000 722.000000 28.000000 -0.238611
153.000000 239.000000 0.000000 200.000000 6.000000 1002.000000 684.000000 28.000000 -0.626474
305.000000 0.000000 100.000000 196.000000 10.000000 959.000000 705.000000 28.000000 -0.433725
142.000000 167.000000 130.000000 174.000000 11.000000 883.000000 785.000000 28.000000 0.423005
298.000000 137.000000 107.000000 201.000000 6.000000 878.000000 655.000000 28.000000 0.949814
366.000000 187.000000 0.000000 191.000000 7.000000 824.000000 757.000000 28.000000 1.682380
165.000000 0.000000 150.000000 182.000000 12.000000 1023.000000 729.000000 28.000000 -1.148553
160.000000 188.000000 146.000000 203.000000 11.000000 829.000000 710.000000 28.000000 -0.272903
298.000000 0.000000 107.000000 186.000000 6.000000 879.000000 815.000000 28.000000 0.306527
356.000000 0.000000 142.000000 193.000000 11.000000 801.000000 778.000000 28.000000 0.201875
132.000000 207.000000 161.000000 179.000000 5.000000 867.000000 736.000000 28.000000 -0.245706
140.000000 164.000000 128.000000 237.000000 6.000000 869.000000 656.000000 28.000000 -0.131593
298.000000 0.000000 107.000000 210.000000 11.000000 880.000000 744.000000 28.000000 -0.330255
265.000000 111.000000 86.000000 195.000000 6.000000 833.000000 790.000000 28.000000 0.241489
160.000000 250.000000 0.000000 168.000000 12.000000 1049.000000 688.000000 28.000000 0.117917
322.000000 0.000000 116.000000 196.000000 10.000000 818.000000 813.000000 28.000000 -0.371052
149.000000 139.000000 109.000000 193.000000 6.000000 892.000000 780.000000 28.000000 -0.813903
155.000000 183.000000 0.000000 193.000000 9.000000 1047.000000 697.000000 28.000000 -1.133772
300.000000 0.000000 120.000000 212.000000 10.000000 878.000000 728.000000 28.000000 -0.805034
148.000000 0.000000 137.000000 158.000000 16.000000 1002.000000 830.000000 28.000000 -1.153283
153.000000 145.000000 0.000000 178.000000 8.000000 1000.000000 822.000000 28.000000 -1.090610
262.000000 111.000000 86.000000 195.000000 5.000000 895.000000 733.000000 28.000000 -0.220873
158.000000 0.000000 195.000000 220.000000 11.000000 898.000000 713.000000 28.000000 -1.709655
273.000000 0.000000 90.000000 199.000000 11.000000 931.000000 762.000000 28.000000 -0.308379
149.000000 118.000000 92.000000 183.000000 7.000000 953.000000 780.000000 28.000000 -0.823954
260.000000 101.000000 78.000000 171.000000 10.000000 936.000000 763.000000 28.000000 0.728093
284.000000 120.000000 0.000000 168.000000 7.000000 970.000000 794.000000 28.000000 0.205423
150.000000 237.000000 0.000000 174.000000 12.000000 1069.000000 675.000000 28.000000 -0.001517
144.000000 170.000000 133.000000 192.000000 8.000000 814.000000 805.000000 28.000000 -0.448506
331.000000 170.000000 0.000000 195.000000 8.000000 811.000000 802.000000 28.000000 1.132512
155.000000 0.000000 143.000000 193.000000 9.000000 1047.000000 697.000000 28.000000 -1.477883
266.000000 112.000000 87.000000 178.000000 10.000000 910.000000 745.000000 28.000000 0.116143
144.000000 136.000000 106.000000 178.000000 7.000000 941.000000 774.000000 28.000000 -0.669045
155.000000 184.000000 143.000000 194.000000 9.000000 880.000000 699.000000 28.000000 -0.500537
289.000000 134.000000 0.000000 195.000000 6.000000 924.000000 760.000000 28.000000 0.519380
313.000000 0.000000 0.000000 178.000000 8.000000 1000.000000 822.000000 28.000000 -0.730535
144.000000 15.000000 195.000000 176.000000 6.000000 1021.000000 709.000000 28.000000 -1.307601
154.000000 174.000000 185.000000 228.000000 7.000000 845.000000 612.000000 28.000000 -0.775471
313.300000 145.000000 0.000000 178.500000 8.000000 867.200000 824.000000 28.000000 0.205423
153.100000 145.000000 113.000000 178.500000 8.000000 867.200000 824.000000 28.000000 -0.663724
150.700000 0.000000 185.300000 166.700000 15.600000 1074.500000 678.000000 28.000000 -1.418757
272.600000 0.000000 89.600000 198.700000 10.600000 931.300000 762.200000 28.000000 -0.307787
143.000000 169.400000 142.700000 190.700000 8.400000 967.400000 643.500000 28.000000 -0.456784
284.000000 119.700000 0.000000 168.300000 7.200000 970.400000 794.200000 28.000000 0.205423
144.800000 0.000000 133.600000 180.800000 11.100000 979.500000 811.500000 28.000000 -1.434130
154.800000 0.000000 142.800000 193.300000 9.100000 1047.400000 696.700000 28.000000 -1.477883
154.800000 183.400000 0.000000 193.300000 9.100000 877.200000 867.700000 28.000000 -0.807990
266.200000 112.300000 87.500000 177.900000 10.400000 909.700000 744.500000 28.000000 0.116143
312.700000 144.700000 0.000000 127.300000 8.000000 999.700000 822.200000 28.000000 0.417684
145.700000 172.600000 0.000000 181.900000 3.400000 985.800000 816.800000 28.000000 -0.810946
277.000000 116.800000 91.000000 190.600000 7.000000 946.500000 665.600000 28.000000 0.362105
145.400000 0.000000 178.900000 201.700000 7.800000 824.000000 868.700000 28.000000 -1.591404
312.700000 0.000000 0.000000 178.100000 8.000000 999.700000 822.200000 28.000000 -0.730535
255.300000 98.800000 77.000000 188.600000 6.500000 919.000000 749.300000 28.000000 -0.216143
162.000000 190.100000 148.100000 178.800000 18.800000 838.100000 741.400000 28.000000 -0.218508
374.300000 0.000000 0.000000 190.200000 6.700000 1013.200000 730.400000 28.000000 0.094858
304.800000 0.000000 99.600000 196.000000 9.800000 959.400000 705.200000 28.000000 -0.433725
297.800000 137.200000 106.900000 201.300000 6.000000 878.400000 655.300000 28.000000 0.949814
366.000000 187.000000 0.000000 191.300000 6.600000 824.300000 756.900000 28.000000 1.682380
252.100000 97.100000 75.600000 193.800000 8.300000 835.500000 821.400000 28.000000 -0.239793
164.600000 0.000000 150.400000 181.600000 11.700000 1023.300000 728.900000 28.000000 -1.148553
132.000000 206.500000 160.900000 178.900000 5.500000 866.900000 735.600000 28.000000 -0.245114
321.400000 0.000000 127.900000 182.500000 11.500000 870.100000 779.700000 28.000000 -0.010977
139.700000 163.900000 127.700000 236.700000 5.800000 868.600000 655.600000 28.000000 -0.131593
298.200000 0.000000 107.000000 209.700000 11.100000 879.600000 744.200000 28.000000 -0.329664
276.400000 116.000000 90.300000 179.600000 8.900000 870.100000 768.300000 28.000000 0.403493
