540.000000 0.000000 0.000000 162.000000 2.500000 1055.000000 676.000000 28.000000 1.595114
266.000000 114.000000 0.000000 228.000000 0.000000 932.000000 670.000000 90.000000 0.714107
380.000000 95.000000 0.000000 228.000000 0.000000 932.000000 594.000000 28.000000 0.086850
198.600000 132.400000 0.000000 192.000000 0.000000 978.400000 825.500000 90.000000 0.182895
190.000000 190.000000 0.000000 228.000000 0.000000 932.000000 670.000000 90.000000 0.435458
427.500000 47.500000 0.000000 228.000000 0.000000 932.000000 594.000000 180.000000 0.406407
380.000000 0.000000 0.000000 228.000000 0.000000 932.000000 670.000000 365.000000 1.039593
380.000000 0.000000 0.000000 228.000000 0.000000 932.000000 670.000000 270.000000 1.085837
304.000000 76.000000 0.000000 228.000000 0.000000 932.000000 670.000000 365.000000 1.202040
198.600000 132.400000 0.000000 192.000000 0.000000 978.400000 825.500000 180.000000 0.399293
380.000000 0.000000 0.000000 228.000000 0.000000 932.000000 670.000000 180.000000 1.073980
332.500000 142.500000 0.000000 228.000000 0.000000 932.000000 594.000000 180.000000 0.284276
304.000000 76.000000 0.000000 228.000000 0.000000 932.000000 670.000000 90.000000 0.842167
198.600000 132.400000 0.000000 192.000000 0.000000 978.400000 825.500000 7.000000 -1.206202
475.000000 0.000000 0.000000 228.000000 0.000000 932.000000 594.000000 365.000000 0.411743
304.000000 76.000000 0.000000 228.000000 0.000000 932.000000 670.000000 180.000000 0.946513
332.500000 142.500000 0.000000 228.000000 0.000000 932.000000 594.000000 28.000000 -0.116505
190.000000 190.000000 0.000000 228.000000 0.000000 932.000000 670.000000 28.000000 0.348306
375.000000 93.800000 0.000000 126.600000 23.400000 852.100000 992.600000 3.000000 -0.354839
379.500000 151.200000 0.000000 153.900000 15.900000 1134.300000 605.000000 3.000000 -0.378554
469.000000 117.200000 0.000000 137.800000 32.200000 852.100000 840.500000 7.000000 1.180697
425.000000 106.300000 0.000000 153.500000 16.500000 852.100000 887.100000 7.000000 0.842760
401.800000 94.700000 0.000000 147.400000 11.400000 946.800000 852.100000 7.000000 1.133267
362.600000 189.000000 0.000000 164.900000 11.600000 944.700000 755.800000 7.000000 1.239984
379.500000 151.200000 0.000000 153.900000 15.900000 1134.300000 605.000000 7.000000 0.718257
439.000000 177.000000 0.000000 186.000000 11.100000 884.900000 707.900000 7.000000 1.251841
362.600000 189.000000 0.000000 164.900000 11.600000 944.700000 755.800000 7.000000 -0.716491
425.000000 106.300000 0.000000 153.500000 16.500000 852.100000 887.100000 28.000000 1.500254
425.000000 106.300000 0.000000 151.400000 18.600000 936.000000 803.700000 28.000000 1.589778
425.000000 106.300000 0.000000 153.500000 16.500000 852.100000 887.100000 28.000000 1.500254
531.300000 0.000000 0.000000 141.800000 28.200000 852.100000 893.700000 28.000000 1.269627
425.000000 106.300000 0.000000 153.500000 16.500000 852.100000 887.100000 28.000000 1.500254
401.800000 94.700000 0.000000 147.400000 11.400000 946.800000 852.100000 28.000000 1.987001
323.700000 282.800000 0.000000 183.800000 10.300000 942.700000 659.900000 28.000000 2.354582
379.500000 151.200000 0.000000 153.900000 15.900000 1134.300000 605.000000 28.000000 1.020622
286.300000 200.900000 0.000000 144.700000 11.200000 1004.600000 803.700000 28.000000 1.939572
439.000000 177.000000 0.000000 186.000000 11.100000 884.900000 707.900000 28.000000 1.838784
362.600000 189.000000 0.000000 164.900000 11.600000 944.700000 755.800000 28.000000 2.153005
313.300000 262.200000 0.000000 175.500000 8.600000 1046.900000 611.800000 56.000000 1.773568
531.300000 0.000000 0.000000 141.800000 28.200000 852.100000 893.700000 56.000000 1.411917
401.800000 94.700000 0.000000 147.400000 11.400000 946.800000 852.100000 56.000000 2.295294
362.600000 189.000000 0.000000 164.900000 11.600000 944.700000 755.800000 56.000000 2.508728
323.700000 282.800000 0.000000 183.800000 10.300000 942.700000 659.900000 56.000000 2.680661
362.600000 189.000000 0.000000 164.900000 11.600000 944.700000 755.800000 56.000000 2.508728
337.900000 189.000000 0.000000 174.900000 9.500000 944.700000 755.800000 56.000000 1.476539
313.300000 262.200000 0.000000 175.500000 8.600000 1046.900000 611.800000 91.000000 1.874356
425.000000 106.300000 0.000000 151.400000 18.600000 936.000000 803.700000 91.000000 1.880285
425.000000 106.300000 0.000000 153.500000 16.500000 852.100000 887.100000 91.000000 1.791354
388.600000 97.100000 0.000000 157.900000 12.100000 852.100000 925.700000 91.000000 1.340772
531.300000 0.000000 0.000000 141.800000 28.200000 852.100000 893.700000 91.000000 1.435631
362.600000 189.000000 0.000000 164.900000 11.600000 944.700000 755.800000 91.000000 2.627302
362.600000 189.000000 0.000000 164.900000 11.600000 944.700000 755.800000 91.000000 2.627302
286.300000 200.900000 0.000000 144.700000 11.200000 1004.600000 803.700000 91.000000 2.479084
439.000000 177.000000 0.000000 186.000000 11.100000 884.900000 707.900000 91.000000 2.271580
337.900000 189.000000 0.000000 174.900000 9.500000 944.700000 755.800000 91.000000 1.945500
222.400000 0.000000 96.700000 189.300000 4.500000 967.100000 870.300000 28.000000 -0.598509
233.800000 0.000000 94.600000 197.900000 4.600000 947.000000 852.200000 3.000000 -1.458765
190.700000 0.000000 125.400000 162.100000 7.800000 1090.000000 804.000000 3.000000 -1.182487
190.700000 0.000000 125.400000 162.100000 7.800000 1090.000000 804.000000 14.000000 -0.825579
190.700000 0.000000 125.400000 162.100000 7.800000 1090.000000 804.000000 100.000000 0.331112
212.100000 0.000000 121.600000 180.300000 5.700000 1057.600000 779.300000 3.000000 -1.334855
212.100000 0.000000 121.600000 180.300000 5.700000 1057.600000 779.300000 14.000000 -0.833879
230.000000 0.000000 118.300000 195.500000 4.600000 1029.400000 758.600000 3.000000 -1.479516
230.000000 0.000000 118.300000 195.500000 4.600000 1029.400000 758.600000 56.000000 -0.204250
230.000000 0.000000 118.300000 195.500000 4.600000 1029.400000 758.600000 100.000000 0.021041
190.300000 0.000000 125.200000 161.900000 9.900000 1088.100000 802.600000 14.000000 -0.727162
190.300000 0.000000 125.200000 161.900000 9.900000 1088.100000 802.600000 56.000000 0.211945
190.300000 0.000000 125.200000 161.900000 9.900000 1088.100000 802.600000 100.000000 0.320441
166.100000 0.000000 163.300000 176.500000 4.500000 1058.600000 780.100000 3.000000 -1.436236
166.100000 0.000000 163.300000 176.500000 4.500000 1058.600000 780.100000 14.000000 -0.563530
166.100000 0.000000 163.300000 176.500000 4.500000 1058.600000 780.100000 28.000000 -0.797121
168.000000 42.100000 163.800000 121.800000 5.700000 1058.700000 780.100000 28.000000 -0.637046
168.000000 42.100000 163.800000 121.800000 5.700000 1058.700000 780.100000 100.000000 0.251668
213.800000 98.100000 24.500000 181.700000 6.700000 1066.000000 785.500000 100.000000 0.888411
229.700000 0.000000 118.200000 195.200000 6.100000 1028.100000 757.600000 3.000000 -1.282090
229.700000 0.000000 118.200000 195.200000 6.100000 1028.100000 757.600000 14.000000 -0.750877
238.100000 0.000000 94.100000 186.700000 7.000000 949.900000 847.000000 28.000000 -0.281916
238.100000 0.000000 94.100000 186.700000 7.000000 949.900000 847.000000 56.000000 0.273011
250.000000 0.000000 95.700000 187.400000 5.500000 956.900000 861.200000 3.000000 -1.254818
212.500000 0.000000 100.400000 159.300000 8.700000 1007.800000 903.600000 14.000000 -0.514322
212.500000 0.000000 100.400000 159.300000 8.700000 1007.800000 903.600000 56.000000 0.448501
212.600000 0.000000 100.400000 159.400000 10.400000 1003.800000 903.800000 28.000000 0.143172
212.000000 0.000000 124.800000 159.000000 7.800000 1085.400000 799.500000 14.000000 -0.215515
251.400000 0.000000 118.300000 188.500000 5.800000 1028.400000 757.700000 3.000000 -1.053242
251.400000 0.000000 118.300000 188.500000 5.800000 1028.400000 757.700000 14.000000 -0.299702
251.400000 0.000000 118.300000 188.500000 5.800000 1028.400000 757.700000 56.000000 0.117679
251.400000 0.000000 118.300000 188.500000 6.400000 1028.400000 757.700000 3.000000 -1.296319
251.400000 0.000000 118.300000 188.500000 6.400000 1028.400000 757.700000 28.000000 -0.137849
251.400000 0.000000 118.300000 188.500000 6.400000 1028.400000 757.700000 56.000000 0.098114
181.400000 0.000000 167.000000 169.600000 7.600000 1055.600000 777.800000 28.000000 -0.427763
182.000000 45.200000 122.000000 170.200000 8.200000 1059.400000 780.700000 3.000000 -1.640184
182.000000 45.200000 122.000000 170.200000 8.200000 1059.400000 780.700000 14.000000 -0.799493
182.000000 45.200000 122.000000 170.200000 8.200000 1059.400000 780.700000 28.000000 -0.220258
182.000000 45.200000 122.000000 170.200000 8.200000 1059.400000 780.700000 56.000000 0.504824
168.900000 42.200000 124.300000 158.300000 10.800000 1080.800000 796.200000 3.000000 -1.635441
290.400000 0.000000 96.200000 168.100000 9.400000 961.200000 865.000000 3.000000 -0.740206
290.400000 0.000000 96.200000 168.100000 9.400000 961.200000 865.000000 100.000000 0.829124
277.100000 0.000000 97.400000 160.600000 11.800000 973.900000 875.600000 28.000000 0.788216
295.700000 0.000000 95.600000 171.500000 8.900000 955.100000 859.200000 3.000000 -0.713526
295.700000 0.000000 95.600000 171.500000 8.900000 955.100000 859.200000 14.000000 0.014519
251.800000 0.000000 99.900000 146.100000 12.400000 1006.000000 899.800000 3.000000 -0.827951
251.800000 0.000000 99.900000 146.100000 12.400000 1006.000000 899.800000 14.000000 -0.096348
251.800000 0.000000 99.900000 146.100000 12.400000 1006.000000 899.800000 100.000000 0.615691
249.100000 0.000000 98.800000 158.100000 12.800000 987.800000 889.000000 28.000000 -0.245158
252.300000 0.000000 98.800000 146.300000 14.200000 987.800000 889.000000 28.000000 0.925762
252.300000 0.000000 98.800000 146.300000 14.200000 987.800000 889.000000 56.000000 1.235834
252.300000 0.000000 98.800000 146.300000 14.200000 987.800000 889.000000 100.000000 1.539384
246.800000 0.000000 125.100000 143.300000 12.000000 1086.800000 800.900000 3.000000 -0.679733
246.800000 0.000000 125.100000 143.300000 12.000000 1086.800000 800.900000 28.000000 1.038408
275.100000 0.000000 121.400000 159.500000 9.900000 1053.600000 777.500000 14.000000 0.224396
275.100000 0.000000 121.400000 159.500000 9.900000 1053.600000 777.500000 28.000000 0.969042
275.100000 0.000000 121.400000 159.500000 9.900000 1053.600000 777.500000 100.000000 1.400652
297.200000 0.000000 117.500000 174.800000 9.500000 1022.800000 753.500000 56.000000 1.006393
297.200000 0.000000 117.500000 174.800000 9.500000 1022.800000 753.500000 100.000000 1.289785
213.700000 0.000000 174.700000 154.800000 10.200000 1053.500000 776.400000 14.000000 -0.074411
213.700000 0.000000 174.700000 154.800000 10.200000 1053.500000 776.400000 56.000000 0.690985
213.700000 0.000000 174.700000 154.800000 10.200000 1053.500000 776.400000 100.000000 0.894933
213.500000 0.000000 174.200000 154.600000 11.700000 1052.300000 775.500000 100.000000 1.441560
277.200000 97.800000 24.500000 160.700000 11.200000 1061.700000 782.500000 3.000000 -0.268873
277.200000 97.800000 24.500000 160.700000 11.200000 1061.700000 782.500000 14.000000 0.754422
218.200000 54.600000 123.800000 140.800000 11.900000 1075.700000 792.700000 3.000000 -0.448513
218.200000 54.600000 123.800000 140.800000 11.900000 1075.700000 792.700000 100.000000 1.692345
214.900000 53.800000 121.900000 155.600000 9.600000 1014.300000 780.600000 3.000000 -1.005812
214.900000 53.800000 121.900000 155.600000 9.600000 1014.300000 780.600000 14.000000 0.214317
214.900000 53.800000 121.900000 155.600000 9.600000 1014.300000 780.600000 28.000000 1.020622
218.900000 0.000000 124.100000 158.500000 11.300000 1078.700000 794.900000 3.000000 -1.164701
218.900000 0.000000 124.100000 158.500000 11.300000 1078.700000 794.900000 100.000000 0.666678
376.000000 0.000000 0.000000 214.600000 0.000000 1003.500000 762.400000 3.000000 -1.108971
376.000000 0.000000 0.000000 214.600000 0.000000 1003.500000 762.400000 28.000000 -0.178757
376.000000 0.000000 0.000000 214.600000 0.000000 1003.500000 762.400000 100.000000 0.478737
500.100000 0.000000 0.000000 200.000000 3.000000 1124.400000 613.200000 28.000000 0.542175
516.000000 0.000000 0.000000 162.000000 8.300000 801.000000 802.000000 28.000000 0.378542
145.000000 116.000000 119.000000 184.000000 5.700000 833.000000 880.000000 28.000000 -0.345353
234.000000 156.000000 0.000000 189.000000 5.900000 981.000000 760.000000 28.000000 0.255818
165.000000 0.000000 143.600000 163.800000 0.000000 1005.600000 900.900000 3.000000 -1.220431
172.400000 13.600000 172.400000 156.800000 4.100000 1006.300000 856.400000 3.000000 -0.811943
190.300000 0.000000 125.200000 166.600000 9.900000 1079.000000 798.900000 3.000000 -1.330112
213.500000 0.000000 174.200000 159.200000 11.700000 1043.600000 771.900000 3.000000 -1.148694
194.700000 0.000000 100.500000 170.200000 7.500000 998.000000 901.800000 3.000000 -1.352049
165.000000 0.000000 143.600000 163.800000 0.000000 1005.600000 900.900000 14.000000 -1.073399
173.500000 50.100000 173.500000 164.800000 6.500000 1006.200000 793.500000 14.000000 -0.117098
173.800000 93.400000 159.900000 172.300000 9.700000 1007.200000 746.600000 14.000000 -0.322231
190.300000 0.000000 125.200000 166.600000 9.900000 1079.000000 798.900000 14.000000 -0.922810
250.000000 0.000000 95.700000 191.800000 5.300000 948.900000 857.200000 14.000000 -0.612145
213.500000 0.000000 174.200000 159.200000 11.700000 1043.600000 771.900000 14.000000 -0.319860
194.700000 0.000000 100.500000 170.200000 7.500000 998.000000 901.800000 14.000000 -0.634675
165.000000 0.000000 143.600000 163.800000 0.000000 1005.600000 900.900000 56.000000 0.093371
178.000000 129.800000 118.600000 179.900000 3.600000 1007.300000 746.800000 56.000000 0.806595
167.400000 129.900000 128.600000 175.500000 7.800000 1006.300000 746.600000 56.000000 0.992164
172.400000 13.600000 172.400000 156.800000 4.100000 1006.300000 856.400000 56.000000 0.051277
250.000000 0.000000 95.700000 191.800000 5.300000 948.900000 857.200000 56.000000 0.275975
165.000000 0.000000 143.600000 163.800000 0.000000 1005.600000 900.900000 100.000000 0.176373
167.400000 129.900000 128.600000 175.500000 7.800000 1006.300000 746.600000 100.000000 1.107181
173.500000 50.100000 173.500000 164.800000 6.500000 1006.200000 793.500000 100.000000 1.249470
446.000000 24.000000 79.000000 162.000000 11.600000 967.000000 712.000000 28.000000 1.306978
446.000000 24.000000 79.000000 162.000000 11.600000 967.000000 712.000000 28.000000 0.559368
446.000000 24.000000 79.000000 162.000000 11.600000 967.000000 712.000000 28.000000 0.950663
446.000000 24.000000 79.000000 162.000000 11.600000 967.000000 712.000000 3.000000 0.022227
446.000000 24.000000 79.000000 162.000000 11.600000 967.000000 712.000000 7.000000 1.009357
446.000000 24.000000 79.000000 162.000000 11.600000 967.000000 712.000000 56.000000 1.546498
387.000000 20.000000 94.000000 157.000000 14.300000 938.000000 845.000000 3.000000 -0.725384
387.000000 20.000000 94.000000 157.000000 11.600000 938.000000 845.000000 3.000000 -0.012753
387.000000 20.000000 94.000000 157.000000 13.900000 938.000000 845.000000 7.000000 0.647113
491.000000 26.000000 123.000000 210.000000 3.900000 882.000000 699.000000 7.000000 -0.088640
491.000000 26.000000 123.000000 201.000000 3.900000 822.000000 699.000000 3.000000 -0.322231
424.000000 22.000000 132.000000 178.000000 8.500000 822.000000 750.000000 56.000000 1.820998
202.000000 11.000000 141.000000 206.000000 1.700000 942.000000 801.000000 28.000000 -0.771628
284.000000 15.000000 141.000000 179.000000 5.500000 842.000000 801.000000 3.000000 -1.279718
284.000000 15.000000 141.000000 179.000000 5.500000 842.000000 801.000000 7.000000 -0.643568
284.000000 15.000000 141.000000 179.000000 5.500000 842.000000 801.000000 56.000000 0.565297
359.000000 19.000000 141.000000 154.000000 10.900000 942.000000 801.000000 28.000000 1.452825
359.000000 19.000000 141.000000 154.000000 10.900000 942.000000 801.000000 56.000000 2.001823
436.000000 0.000000 0.000000 218.000000 0.000000 838.400000 719.700000 28.000000 -0.660168
289.000000 0.000000 0.000000 192.000000 0.000000 913.200000 895.300000 90.000000 -0.172828
289.000000 0.000000 0.000000 192.000000 0.000000 913.200000 895.300000 3.000000 -1.383471
255.000000 0.000000 0.000000 192.000000 0.000000 889.800000 945.000000 28.000000 -0.962532
238.200000 158.800000 0.000000 185.700000 0.000000 1040.600000 734.300000 7.000000 -1.143951
181.900000 272.800000 0.000000 185.700000 0.000000 1012.400000 714.300000 28.000000 -0.417684
255.500000 170.300000 0.000000 185.700000 0.000000 1026.600000 724.300000 7.000000 -1.052056
382.500000 0.000000 0.000000 185.700000 0.000000 1047.800000 739.300000 7.000000 -0.647125
295.800000 0.000000 0.000000 185.700000 0.000000 1091.400000 769.300000 7.000000 -1.194345
203.500000 135.700000 0.000000 185.700000 0.000000 1076.200000 759.300000 7.000000 -1.365092
295.800000 0.000000 0.000000 185.700000 0.000000 1091.400000 769.300000 28.000000 -0.578945
220.800000 147.200000 0.000000 185.700000 0.000000 1055.000000 744.300000 7.000000 -1.298097
238.100000 0.000000 0.000000 185.700000 0.000000 1118.800000 789.300000 28.000000 -1.031898
290.200000 193.500000 0.000000 185.700000 0.000000 998.200000 704.300000 7.000000 -0.778149
181.900000 272.800000 0.000000 185.700000 0.000000 1012.400000 714.300000 7.000000 -1.340784
170.300000 155.500000 0.000000 185.700000 0.000000 1026.600000 724.300000 28.000000 -0.548708
210.700000 316.100000 0.000000 185.700000 0.000000 977.000000 689.300000 28.000000 0.167480
252.500000 0.000000 0.000000 185.700000 0.000000 1111.600000 784.300000 28.000000 -0.902059
382.500000 0.000000 0.000000 185.700000 0.000000 1047.800000 739.300000 28.000000 0.145544
316.100000 210.700000 0.000000 185.700000 0.000000 977.000000 689.300000 7.000000 -0.625189
339.000000 0.000000 0.000000 197.000000 0.000000 968.000000 781.000000 14.000000 -0.471042
339.000000 0.000000 0.000000 197.000000 0.000000 968.000000 781.000000 28.000000 -0.174607
236.000000 0.000000 0.000000 194.000000 0.000000 968.000000 885.000000 14.000000 -1.312919
236.000000 0.000000 0.000000 194.000000 0.000000 968.000000 885.000000 28.000000 -0.982097
236.000000 0.000000 0.000000 194.000000 0.000000 968.000000 885.000000 90.000000 -0.772814
236.000000 0.000000 0.000000 193.000000 0.000000 968.000000 885.000000 180.000000 -0.645346
236.000000 0.000000 0.000000 193.000000 0.000000 968.000000 885.000000 365.000000 -0.587245
277.000000 0.000000 0.000000 191.000000 0.000000 968.000000 856.000000 28.000000 -0.534479
277.000000 0.000000 0.000000 191.000000 0.000000 968.000000 856.000000 180.000000 -0.157413
254.000000 0.000000 0.000000 198.000000 0.000000 968.000000 863.000000 3.000000 -1.522203
307.000000 0.000000 0.000000 193.000000 0.000000 968.000000 812.000000 180.000000 -0.029353
307.000000 0.000000 0.000000 193.000000 0.000000 968.000000 812.000000 28.000000 -0.441991
307.000000 0.000000 0.000000 193.000000 0.000000 968.000000 812.000000 90.000000 -0.122434
236.000000 0.000000 0.000000 193.000000 0.000000 968.000000 885.000000 7.000000 -1.481887
225.000000 0.000000 0.000000 181.000000 0.000000 1113.000000 833.000000 7.000000 -1.411929
325.000000 0.000000 0.000000 184.000000 0.000000 1063.000000 783.000000 28.000000 -0.261759
275.000000 0.000000 0.000000 183.000000 0.000000 1088.000000 808.000000 7.000000 -1.232289
300.000000 0.000000 0.000000 184.000000 0.000000 1075.000000 795.000000 7.000000 -1.150472
300.000000 0.000000 0.000000 184.000000 0.000000 1075.000000 795.000000 28.000000 -0.482307
375.000000 0.000000 0.000000 186.000000 0.000000 1038.000000 758.000000 7.000000 -0.529144
375.000000 0.000000 0.000000 186.000000 0.000000 1038.000000 758.000000 28.000000 0.191195
250.000000 0.000000 0.000000 182.000000 0.000000 1100.000000 820.000000 7.000000 -1.319441
250.000000 0.000000 0.000000 182.000000 0.000000 1100.000000 820.000000 28.000000 -0.836844
350.000000 0.000000 0.000000 186.000000 0.000000 1050.000000 770.000000 7.000000 -0.871823
141.300000 212.000000 0.000000 203.500000 0.000000 971.800000 748.500000 28.000000 -0.302074
166.800000 250.200000 0.000000 203.500000 0.000000 975.600000 692.600000 3.000000 -1.665085
122.600000 183.900000 0.000000 203.500000 0.000000 958.200000 800.100000 90.000000 -0.106426
183.900000 122.600000 0.000000 203.500000 0.000000 959.200000 800.000000 3.000000 -1.783659
108.300000 162.400000 0.000000 203.500000 0.000000 938.200000 849.000000 90.000000 -0.341203
157.000000 236.000000 0.000000 192.000000 0.000000 935.400000 781.200000 28.000000 -0.078561
133.000000 200.000000 0.000000 192.000000 0.000000 927.400000 839.200000 28.000000 -0.421834
173.000000 116.000000 0.000000 192.000000 0.000000 946.800000 856.800000 3.000000 -1.662713
183.900000 122.600000 0.000000 203.500000 0.000000 959.200000 800.000000 90.000000 -0.145556
102.000000 153.000000 0.000000 192.000000 0.000000 887.000000 942.000000 7.000000 -1.618841
288.000000 192.000000 0.000000 192.000000 0.000000 932.000000 717.800000 28.000000 0.226174
212.000000 141.300000 0.000000 203.500000 0.000000 973.400000 750.000000 28.000000 -0.117691
173.000000 116.000000 0.000000 192.000000 0.000000 946.800000 856.800000 28.000000 -0.634675
183.900000 122.600000 0.000000 203.500000 0.000000 959.200000 800.000000 28.000000 -0.648311
192.000000 288.000000 0.000000 192.000000 0.000000 929.800000 716.100000 90.000000 0.933470
153.000000 102.000000 0.000000 192.000000 0.000000 888.000000 943.100000 28.000000 -1.009369
203.500000 305.300000 0.000000 203.500000 0.000000 963.400000 630.000000 3.000000 -1.507381
133.000000 200.000000 0.000000 192.000000 0.000000 927.400000 839.200000 3.000000 -1.666270
200.000000 133.000000 0.000000 192.000000 0.000000 965.400000 806.200000 7.000000 -1.056206
122.600000 183.900000 0.000000 203.500000 0.000000 958.200000 800.100000 3.000000 -1.877332
116.000000 173.000000 0.000000 192.000000 0.000000 909.800000 891.900000 3.000000 -1.701843
173.000000 116.000000 0.000000 192.000000 0.000000 946.800000 856.800000 90.000000 -0.171049
250.200000 166.800000 0.000000 203.500000 0.000000 977.600000 694.100000 28.000000 0.117086
305.300000 203.500000 0.000000 203.500000 0.000000 965.400000 631.000000 90.000000 1.162911
141.300000 212.000000 0.000000 203.500000 0.000000 971.800000 748.500000 90.000000 0.277161
122.600000 183.900000 0.000000 203.500000 0.000000 958.200000 800.100000 7.000000 -1.460544
203.500000 305.300000 0.000000 203.500000 0.000000 963.400000 630.000000 90.000000 1.000464
310.000000 0.000000 0.000000 192.000000 0.000000 1012.000000 830.000000 28.000000 -0.424205
331.000000 0.000000 0.000000 192.000000 0.000000 1025.000000 821.000000 7.000000 -1.040198
331.000000 0.000000 0.000000 192.000000 0.000000 1025.000000 821.000000 120.000000 0.260561
349.000000 0.000000 0.000000 192.000000 0.000000 1056.000000 809.000000 3.000000 -1.133279
349.000000 0.000000 0.000000 192.000000 0.000000 1056.000000 809.000000 7.000000 -1.539989
238.000000 0.000000 0.000000 186.000000 0.000000 1119.000000 789.000000 7.000000 -1.359756
480.000000 0.000000 0.000000 192.000000 0.000000 936.000000 721.000000 28.000000 0.527946
397.000000 0.000000 0.000000 186.000000 0.000000 1040.000000 734.000000 28.000000 0.115900
500.000000 0.000000 0.000000 200.000000 0.000000 1125.000000 613.000000 7.000000 -0.105241
500.000000 0.000000 0.000000 200.000000 0.000000 1125.000000 613.000000 14.000000 0.115900
540.000000 0.000000 0.000000 173.000000 0.000000 1125.000000 613.000000 14.000000 1.468832
540.000000 0.000000 0.000000 173.000000 0.000000 1125.000000 613.000000 28.000000 1.916450
540.000000 0.000000 0.000000 173.000000 0.000000 1125.000000 613.000000 90.000000 2.055775
350.000000 0.000000 0.000000 203.000000 0.000000 974.000000 775.000000 14.000000 -0.738427
350.000000 0.000000 0.000000 203.000000 0.000000 974.000000 775.000000 28.000000 -0.453256
350.000000 0.000000 0.000000 203.000000 0.000000 974.000000 775.000000 90.000000 -0.215515
385.000000 0.000000 0.000000 186.000000 0.000000 966.000000 763.000000 14.000000 -0.418869
238.000000 0.000000 0.000000 185.000000 0.000000 1118.000000 789.000000 28.000000 -1.034270
296.000000 0.000000 0.000000 192.000000 0.000000 1085.000000 765.000000 28.000000 -0.790600
331.000000 0.000000 0.000000 192.000000 0.000000 978.000000 825.000000 90.000000 0.133094
349.000000 0.000000 0.000000 192.000000 0.000000 1047.000000 806.000000 7.000000 -0.999290
349.000000 0.000000 0.000000 192.000000 0.000000 1047.000000 806.000000 28.000000 -0.134291
349.000000 0.000000 0.000000 192.000000 0.000000 1047.000000 806.000000 360.000000 0.423600
302.000000 0.000000 0.000000 203.000000 0.000000 974.000000 817.000000 180.000000 -0.488828
500.000000 0.000000 0.000000 200.000000 0.000000 1125.000000 613.000000 90.000000 0.725372
500.000000 0.000000 0.000000 200.000000 0.000000 1125.000000 613.000000 180.000000 0.951849
540.000000 0.000000 0.000000 173.000000 0.000000 1125.000000 613.000000 3.000000 0.394550
339.000000 0.000000 0.000000 185.000000 0.000000 1060.000000 754.000000 28.000000 -0.197729
382.000000 0.000000 0.000000 185.000000 0.000000 1047.000000 739.000000 28.000000 0.144358
310.000000 0.000000 0.000000 192.000000 0.000000 970.000000 850.000000 7.000000 -1.185452
310.000000 0.000000 0.000000 192.000000 0.000000 970.000000 850.000000 28.000000 -0.418869
525.000000 0.000000 0.000000 189.000000 0.000000 1125.000000 613.000000 14.000000 0.795331
525.000000 0.000000 0.000000 189.000000 0.000000 1125.000000 613.000000 28.000000 1.242355
322.000000 0.000000 0.000000 203.000000 0.000000 974.000000 800.000000 180.000000 -0.319860
302.000000 0.000000 0.000000 203.000000 0.000000 974.000000 817.000000 28.000000 -0.784671
397.000000 0.000000 0.000000 185.000000 0.000000 1040.000000 734.000000 28.000000 0.243368
154.000000 144.000000 112.000000 220.000000 10.000000 923.000000 658.000000 28.000000 -1.095928
374.000000 0.000000 0.000000 190.000000 7.000000 1013.000000 730.000000 28.000000 0.240996
159.000000 149.000000 116.000000 175.000000 15.000000 953.000000 720.000000 28.000000 -0.433098
151.000000 0.000000 184.000000 167.000000 12.000000 991.000000 772.000000 28.000000 -1.151065
252.000000 97.000000 76.000000 194.000000 8.000000 835.000000 821.000000 28.000000 -0.093976
318.000000 0.000000 126.000000 210.000000 6.000000 861.000000 737.000000 28.000000 0.300876
287.000000 121.000000 94.000000 188.000000 9.000000 904.000000 696.000000 28.000000 0.412336
326.000000 166.000000 0.000000 174.000000 9.000000 882.000000 790.000000 28.000000 1.555984
314.000000 0.000000 113.000000 170.000000 10.000000 925.000000 783.000000 28.000000 0.206017
276.000000 116.000000 90.000000 180.000000 9.000000 870.000000 768.000000 28.000000 0.551068
313.000000 0.000000 113.000000 178.000000 8.000000 1002.000000 689.000000 28.000000 0.107600
149.000000 236.000000 0.000000 176.000000 13.000000 847.000000 893.000000 28.000000 -0.120062
153.000000 145.000000 113.000000 178.000000 8.000000 867.000000 824.000000 28.000000 -0.519065
151.000000 0.000000 185.000000 167.000000 16.000000 1074.000000 678.000000 28.000000 -1.276161
143.000000 169.000000 143.000000 191.000000 8.000000 967.000000 643.000000 28.000000 -0.312153
313.000000 161.000000 0.000000 178.000000 10.000000 917.000000 759.000000 28.000000 1.034850
336.000000 0.000000 0.000000 182.000000 3.000000 986.000000 817.000000 28.000000 0.585454
145.000000 0.000000 134.000000 181.000000 11.000000 979.000000 812.000000 28.000000 -1.291576
146.000000 173.000000 0.000000 182.000000 3.000000 986.000000 817.000000 28.000000 -0.666690
148.000000 0.000000 182.000000 181.000000 15.000000 839.000000 884.000000 28.000000 -1.154030
313.000000 145.000000 0.000000 178.000000 8.000000 1002.000000 689.000000 28.000000 0.359570
136.000000 162.000000 126.000000 172.000000 10.000000 923.000000 764.000000 28.000000 -0.350689
255.000000 99.000000 77.000000 189.000000 6.000000 919.000000 749.000000 28.000000 -0.070261
136.000000 196.000000 98.000000 199.000000 6.000000 847.000000 783.000000 28.000000 -0.475192
164.000000 163.000000 128.000000 197.000000 8.000000 961.000000 641.000000 28.000000 -0.459778
157.000000 214.000000 152.000000 200.000000 9.000000 819.000000 704.000000 28.000000 -0.114727
135.000000 105.000000 193.000000 196.000000 6.000000 965.000000 643.000000 28.000000 -0.775185
167.000000 187.000000 195.000000 185.000000 7.000000 898.000000 636.000000 28.000000 -0.657797
156.000000 178.000000 187.000000 221.000000 7.000000 854.000000 614.000000 28.000000 -0.330532
236.900000 91.700000 71.500000 246.900000 6.000000 852.900000 695.400000 28.000000 -0.376776
313.300000 0.000000 113.000000 178.500000 8.000000 1001.900000 688.700000 28.000000 0.107600
145.900000 230.500000 0.000000 202.500000 3.400000 827.000000 871.800000 28.000000 -0.134291
153.100000 145.000000 113.000000 178.500000 8.000000 1001.900000 688.700000 28.000000 -0.558787
149.500000 236.000000 0.000000 175.800000 12.600000 846.800000 892.700000 28.000000 -0.120062
299.800000 0.000000 119.800000 211.500000 9.900000 878.200000 727.600000 28.000000 -0.660761
326.500000 0.000000 137.900000 199.000000 10.800000 801.100000 792.500000 28.000000 0.216095
152.700000 144.700000 0.000000 178.100000 8.000000 999.700000 822.200000 28.000000 -0.947118
261.900000 110.500000 86.100000 195.400000 5.000000 895.200000 732.600000 28.000000 -0.075004
149.000000 117.600000 91.700000 182.900000 7.100000 953.400000 780.300000 28.000000 -0.679733
150.000000 236.800000 0.000000 173.800000 11.900000 1069.300000 674.800000 28.000000 0.144951
143.700000 170.200000 132.600000 191.600000 8.500000 814.100000 805.300000 28.000000 -0.303260
134.700000 0.000000 165.700000 180.200000 10.000000 961.000000 804.900000 28.000000 -1.286240
314.000000 145.300000 113.200000 178.900000 8.000000 869.100000 690.200000 28.000000 0.666678
313.300000 145.000000 0.000000 178.500000 8.000000 1001.900000 688.700000 28.000000 0.359570
155.200000 183.900000 143.200000 193.800000 9.200000 879.600000 698.500000 28.000000 -0.355432
136.400000 161.600000 125.800000 171.600000 10.400000 922.600000 764.400000 28.000000 -0.350689
272.800000 105.100000 81.800000 209.700000 9.000000 904.000000 679.700000 28.000000 0.129536
153.600000 144.200000 112.300000 220.100000 10.100000 923.200000 657.900000 28.000000 -1.095928
146.500000 114.600000 89.300000 201.900000 8.800000 860.000000 829.500000 28.000000 -0.889016
151.800000 178.100000 138.700000 167.500000 18.300000 944.000000 694.600000 28.000000 0.080921
309.900000 142.800000 111.200000 167.800000 22.100000 913.900000 651.200000 28.000000 0.191788
143.600000 0.000000 174.900000 158.400000 17.900000 942.700000 844.500000 28.000000 -1.159958
152.600000 238.700000 0.000000 200.000000 6.300000 1001.800000 683.900000 28.000000 -0.481714
310.000000 142.800000 0.000000 167.900000 10.000000 914.300000 804.000000 28.000000 0.611541
150.900000 0.000000 183.900000 166.600000 11.600000 991.200000 772.200000 28.000000 -1.151065
321.300000 164.200000 0.000000 190.500000 4.600000 870.000000 774.000000 28.000000 1.318243
155.600000 243.500000 0.000000 180.300000 10.700000 1022.000000 697.700000 28.000000 0.140801
287.300000 120.500000 93.900000 187.600000 9.200000 904.400000 695.900000 28.000000 0.522610
355.900000 0.000000 141.600000 193.300000 11.000000 801.400000 778.400000 28.000000 0.348899
164.200000 0.000000 200.100000 181.200000 12.600000 849.300000 846.000000 28.000000 -1.179523
288.400000 121.000000 0.000000 177.400000 7.000000 907.900000 829.500000 28.000000 0.424193
264.500000 111.000000 86.500000 195.500000 5.900000 832.600000 790.400000 28.000000 0.388621
159.100000 186.700000 0.000000 175.600000 11.300000 989.600000 788.900000 28.000000 -0.131327
260.900000 100.500000 78.300000 200.600000 8.600000 864.500000 761.500000 28.000000 -0.153263
