540.000000 0.000000 0.000000 162.000000 2.500000 1040.000000 676.000000 28.000000 2.500543
540.000000 0.000000 0.000000 162.000000 2.500000 1055.000000 676.000000 28.000000 1.475557
332.500000 142.500000 0.000000 228.000000 0.000000 932.000000 594.000000 365.000000 0.295406
475.000000 0.000000 0.000000 228.000000 0.000000 932.000000 594.000000 28.000000 0.195739
198.600000 132.400000 0.000000 192.000000 0.000000 978.400000 825.500000 90.000000 0.126651
427.500000 47.500000 0.000000 228.000000 0.000000 932.000000 594.000000 270.000000 0.406399
380.000000 0.000000 0.000000 228.000000 0.000000 932.000000 670.000000 365.000000 0.944942
380.000000 95.000000 0.000000 228.000000 0.000000 932.000000 594.000000 270.000000 0.301069
342.000000 38.000000 0.000000 228.000000 0.000000 932.000000 670.000000 180.000000 0.922290
427.500000 47.500000 0.000000 228.000000 0.000000 932.000000 594.000000 28.000000 0.090408
266.000000 114.000000 0.000000 228.000000 0.000000 932.000000 670.000000 365.000000 0.967027
475.000000 0.000000 0.000000 228.000000 0.000000 932.000000 594.000000 270.000000 0.356565
237.500000 237.500000 0.000000 228.000000 0.000000 932.000000 594.000000 180.000000 0.023586
380.000000 0.000000 0.000000 228.000000 0.000000 932.000000 670.000000 180.000000 0.977787
332.500000 142.500000 0.000000 228.000000 0.000000 932.000000 594.000000 180.000000 0.223487
198.600000 132.400000 0.000000 192.000000 0.000000 978.400000 825.500000 7.000000 -1.200169
475.000000 0.000000 0.000000 228.000000 0.000000 932.000000 594.000000 365.000000 0.345239
332.500000 142.500000 0.000000 228.000000 0.000000 932.000000 594.000000 28.000000 -0.159326
139.600000 209.400000 0.000000 192.000000 0.000000 1047.000000 806.900000 360.000000 0.502102
190.000000 190.000000 0.000000 228.000000 0.000000 932.000000 670.000000 28.000000 0.284646
375.000000 93.800000 0.000000 126.600000 23.400000 852.100000 992.600000 3.000000 -0.386975
531.300000 0.000000 0.000000 141.800000 28.200000 852.100000 893.700000 3.000000 0.309563
362.600000 189.000000 0.000000 164.900000 11.600000 944.700000 755.800000 3.000000 -0.030212
379.500000 151.200000 0.000000 153.900000 15.900000 1134.300000 605.000000 3.000000 -0.409627
425.000000 106.300000 0.000000 153.500000 16.500000 852.100000 887.100000 7.000000 0.756933
469.000000 117.200000 0.000000 137.800000 32.200000 852.100000 840.500000 7.000000 1.079719
425.000000 106.300000 0.000000 153.500000 16.500000 852.100000 887.100000 7.000000 0.756933
401.800000 94.700000 0.000000 147.400000 11.400000 946.800000 852.100000 7.000000 1.034416
362.600000 189.000000 0.000000 164.900000 11.600000 944.700000 755.800000 7.000000 1.136348
379.500000 151.200000 0.000000 153.900000 15.900000 1134.300000 605.000000 7.000000 0.638012
425.000000 106.300000 0.000000 153.500000 16.500000 852.100000 887.100000 28.000000 1.384950
469.000000 117.200000 0.000000 137.800000 32.200000 852.100000 840.500000 28.000000 1.759268
425.000000 106.300000 0.000000 153.500000 16.500000 852.100000 887.100000 28.000000 1.384950
531.300000 0.000000 0.000000 141.800000 28.200000 852.100000 893.700000 28.000000 1.164663
401.800000 94.700000 0.000000 147.400000 11.400000 946.800000 852.100000 28.000000 1.849875
323.700000 282.800000 0.000000 183.800000 10.300000 942.700000 659.900000 28.000000 2.200975
379.500000 151.200000 0.000000 153.900000 15.900000 1134.300000 605.000000 28.000000 0.926820
362.600000 189.000000 0.000000 164.900000 11.600000 944.700000 755.800000 28.000000 2.008436
439.000000 177.000000 0.000000 186.000000 11.100000 884.900000 707.900000 28.000000 1.708302
362.600000 189.000000 0.000000 164.900000 11.600000 944.700000 755.800000 28.000000 2.008436
313.300000 262.200000 0.000000 175.500000 8.600000 1046.900000 611.800000 56.000000 1.646010
475.000000 118.800000 0.000000 181.100000 8.900000 852.100000 781.500000 56.000000 2.065066
425.000000 106.300000 0.000000 153.500000 16.500000 852.100000 887.100000 56.000000 1.612033
362.600000 189.000000 0.000000 164.900000 11.600000 944.700000 755.800000 56.000000 2.348211
323.700000 282.800000 0.000000 183.800000 10.300000 942.700000 659.900000 56.000000 2.512436
362.600000 189.000000 0.000000 164.900000 11.600000 944.700000 755.800000 56.000000 2.348211
286.300000 200.900000 0.000000 144.700000 11.200000 1004.600000 803.700000 56.000000 2.104140
362.600000 189.000000 0.000000 164.900000 11.600000 944.700000 755.800000 56.000000 2.348211
313.300000 262.200000 0.000000 175.500000 8.600000 1046.900000 611.800000 91.000000 1.742280
425.000000 106.300000 0.000000 151.400000 18.600000 936.000000 803.700000 91.000000 1.747943
475.000000 118.800000 0.000000 181.100000 8.900000 852.100000 781.500000 91.000000 2.172095
469.000000 117.200000 0.000000 137.800000 32.200000 852.100000 840.500000 91.000000 1.974459
425.000000 106.300000 0.000000 153.500000 16.500000 852.100000 887.100000 91.000000 1.662999
531.300000 0.000000 0.000000 141.800000 28.200000 852.100000 893.700000 91.000000 1.323224
362.600000 189.000000 0.000000 164.900000 11.600000 944.700000 755.800000 91.000000 2.461469
439.000000 177.000000 0.000000 186.000000 11.100000 884.900000 707.900000 91.000000 2.121695
389.900000 189.000000 0.000000 145.900000 22.000000 944.700000 755.800000 91.000000 2.648345
222.400000 0.000000 96.700000 189.300000 4.500000 967.100000 870.300000 14.000000 -0.644637
222.400000 0.000000 96.700000 189.300000 4.500000 967.100000 870.300000 28.000000 -0.619721
233.800000 0.000000 94.600000 197.900000 4.600000 947.000000 852.200000 3.000000 -1.441409
233.800000 0.000000 94.600000 197.900000 4.600000 947.000000 852.200000 56.000000 -0.462858
194.700000 0.000000 100.500000 165.600000 7.500000 1006.400000 905.900000 100.000000 0.085312
190.700000 0.000000 125.400000 162.100000 7.800000 1090.000000 804.000000 100.000000 0.268224
212.100000 0.000000 121.600000 180.300000 5.700000 1057.600000 779.300000 28.000000 -0.619154
212.100000 0.000000 121.600000 180.300000 5.700000 1057.600000 779.300000 100.000000 0.213860
230.000000 0.000000 118.300000 195.500000 4.600000 1029.400000 758.600000 3.000000 -1.461229
230.000000 0.000000 118.300000 195.500000 4.600000 1029.400000 758.600000 14.000000 -0.892107
230.000000 0.000000 118.300000 195.500000 4.600000 1029.400000 758.600000 56.000000 -0.243137
190.300000 0.000000 125.200000 161.900000 9.900000 1088.100000 802.600000 3.000000 -1.494074
190.300000 0.000000 125.200000 161.900000 9.900000 1088.100000 802.600000 28.000000 -0.416988
166.100000 0.000000 163.300000 176.500000 4.500000 1058.600000 780.100000 3.000000 -1.419890
168.000000 42.100000 163.800000 121.800000 5.700000 1058.700000 780.100000 28.000000 -0.656530
213.800000 98.100000 24.500000 181.700000 6.700000 1066.000000 785.500000 3.000000 -1.282847
213.800000 98.100000 24.500000 181.700000 6.700000 1066.000000 785.500000 14.000000 -1.018956
229.700000 0.000000 118.200000 195.200000 6.100000 1028.100000 757.600000 3.000000 -1.272654
229.700000 0.000000 118.200000 195.200000 6.100000 1028.100000 757.600000 14.000000 -0.765257
229.700000 0.000000 118.200000 195.200000 6.100000 1028.100000 757.600000 28.000000 -0.639541
229.700000 0.000000 118.200000 195.200000 6.100000 1028.100000 757.600000 56.000000 -0.253897
250.000000 0.000000 95.700000 187.400000 5.500000 956.900000 861.200000 28.000000 -0.374517
250.000000 0.000000 95.700000 187.400000 5.500000 956.900000 861.200000 100.000000 0.369024
212.500000 0.000000 100.400000 159.300000 8.700000 1007.800000 903.600000 28.000000 -0.237474
212.600000 0.000000 100.400000 159.400000 10.400000 1003.800000 903.800000 14.000000 -0.592539
212.600000 0.000000 100.400000 159.400000 10.400000 1003.800000 903.800000 56.000000 0.485113
212.000000 0.000000 124.800000 159.000000 7.800000 1085.400000 799.500000 100.000000 0.678785
251.400000 0.000000 118.300000 188.500000 5.800000 1028.400000 757.700000 3.000000 -1.054066
251.400000 0.000000 118.300000 188.500000 5.800000 1028.400000 757.700000 14.000000 -0.334310
251.400000 0.000000 118.300000 188.500000 6.400000 1028.400000 757.700000 14.000000 -0.645770
251.400000 0.000000 118.300000 188.500000 6.400000 1028.400000 757.700000 56.000000 0.045671
251.400000 0.000000 118.300000 188.500000 6.400000 1028.400000 757.700000 100.000000 0.474354
181.400000 0.000000 167.000000 169.600000 7.600000 1055.600000 777.800000 100.000000 0.540044
182.000000 45.200000 122.000000 170.200000 8.200000 1059.400000 780.700000 3.000000 -1.614694
182.000000 45.200000 122.000000 170.200000 8.200000 1059.400000 780.700000 14.000000 -0.811693
182.000000 45.200000 122.000000 170.200000 8.200000 1059.400000 780.700000 28.000000 -0.258427
168.900000 42.200000 124.300000 158.300000 10.800000 1080.800000 796.200000 3.000000 -1.610164
290.400000 0.000000 96.200000 168.100000 9.400000 961.200000 865.000000 28.000000 -0.061924
290.400000 0.000000 96.200000 168.100000 9.400000 961.200000 865.000000 100.000000 0.743908
277.100000 0.000000 97.400000 160.600000 11.800000 973.900000 875.600000 28.000000 0.704834
295.700000 0.000000 95.600000 171.500000 8.900000 955.100000 859.200000 3.000000 -0.729581
295.700000 0.000000 95.600000 171.500000 8.900000 955.100000 859.200000 28.000000 0.232548
251.800000 0.000000 99.900000 146.100000 12.400000 1006.000000 899.800000 3.000000 -0.838875
249.100000 0.000000 98.800000 158.100000 12.800000 987.800000 889.000000 56.000000 0.350902
252.300000 0.000000 98.800000 146.300000 14.200000 987.800000 889.000000 28.000000 0.836214
246.800000 0.000000 125.100000 143.300000 12.000000 1086.800000 800.900000 14.000000 0.361662
246.800000 0.000000 125.100000 143.300000 12.000000 1086.800000 800.900000 56.000000 1.386649
275.100000 0.000000 121.400000 159.500000 9.900000 1053.600000 777.500000 14.000000 0.166291
275.100000 0.000000 121.400000 159.500000 9.900000 1053.600000 777.500000 28.000000 0.877553
213.700000 0.000000 174.700000 154.800000 10.200000 1053.500000 776.400000 14.000000 -0.119119
277.200000 97.800000 24.500000 160.700000 11.200000 1061.700000 782.500000 3.000000 -0.304863
277.200000 97.800000 24.500000 160.700000 11.200000 1061.700000 782.500000 14.000000 0.672556
277.200000 97.800000 24.500000 160.700000 11.200000 1061.700000 782.500000 28.000000 1.546343
277.200000 97.800000 24.500000 160.700000 11.200000 1061.700000 782.500000 100.000000 1.762100
218.200000 54.600000 123.800000 140.800000 11.900000 1075.700000 792.700000 3.000000 -0.476449
218.200000 54.600000 123.800000 140.800000 11.900000 1075.700000 792.700000 14.000000 0.007164
214.900000 53.800000 121.900000 155.600000 9.600000 1014.300000 780.600000 56.000000 1.026488
214.900000 53.800000 121.900000 155.600000 9.600000 1014.300000 780.600000 100.000000 1.177687
218.900000 0.000000 124.100000 158.500000 11.300000 1078.700000 794.900000 3.000000 -1.160529
218.900000 0.000000 124.100000 158.500000 11.300000 1078.700000 794.900000 100.000000 0.588745
376.000000 0.000000 0.000000 214.600000 0.000000 1003.500000 762.400000 28.000000 -0.218786
376.000000 0.000000 0.000000 214.600000 0.000000 1003.500000 762.400000 56.000000 0.026418
520.000000 0.000000 0.000000 170.000000 5.200000 855.000000 855.000000 28.000000 1.384384
450.100000 50.000000 0.000000 200.000000 3.000000 1124.400000 613.200000 28.000000 0.200835
397.000000 17.200000 158.000000 167.000000 20.800000 967.000000 633.000000 28.000000 1.122191
334.000000 17.600000 158.000000 189.000000 15.300000 967.000000 633.000000 28.000000 0.481149
516.000000 0.000000 0.000000 162.000000 8.300000 801.000000 802.000000 28.000000 0.313527
145.000000 116.000000 119.000000 184.000000 5.700000 833.000000 880.000000 28.000000 -0.377914
250.000000 180.000000 95.000000 159.000000 9.500000 860.000000 800.000000 28.000000 1.814199
475.000000 0.000000 0.000000 162.000000 9.500000 1044.000000 662.000000 28.000000 1.284716
165.000000 0.000000 143.600000 163.800000 0.000000 1005.600000 900.900000 3.000000 -1.213760
178.000000 129.800000 118.600000 179.900000 3.600000 1007.300000 746.800000 3.000000 -0.855298
213.500000 0.000000 174.200000 159.200000 11.700000 1043.600000 771.900000 3.000000 -1.145239
194.700000 0.000000 100.500000 170.200000 7.500000 998.000000 901.800000 3.000000 -1.339477
165.000000 0.000000 143.600000 163.800000 0.000000 1005.600000 900.900000 14.000000 -1.073320
165.000000 128.500000 132.100000 175.100000 8.100000 1005.800000 746.600000 14.000000 -0.155362
172.400000 13.600000 172.400000 156.800000 4.100000 1006.300000 856.400000 14.000000 -0.344503
213.500000 0.000000 174.200000 159.200000 11.700000 1043.600000 771.900000 14.000000 -0.353564
194.700000 0.000000 100.500000 170.200000 7.500000 998.000000 901.800000 14.000000 -0.654264
173.800000 93.400000 159.900000 172.300000 9.700000 1007.200000 746.600000 28.000000 0.111928
194.700000 0.000000 100.500000 170.200000 7.500000 998.000000 901.800000 28.000000 0.081348
165.000000 0.000000 143.600000 163.800000 0.000000 1005.600000 900.900000 56.000000 0.041141
178.000000 129.800000 118.600000 179.900000 3.600000 1007.300000 746.800000 56.000000 0.722389
172.400000 13.600000 172.400000 156.800000 4.100000 1006.300000 856.400000 56.000000 0.000934
173.500000 50.100000 173.500000 164.800000 6.500000 1006.200000 793.500000 56.000000 1.015728
167.000000 75.400000 167.000000 164.000000 7.900000 1007.300000 770.100000 56.000000 0.998173
178.000000 129.800000 118.600000 179.900000 3.600000 1007.300000 746.800000 100.000000 0.801670
167.400000 129.900000 128.600000 175.500000 7.800000 1006.300000 746.600000 100.000000 1.009499
190.300000 0.000000 125.200000 166.600000 9.900000 1079.000000 798.900000 100.000000 -0.128746
446.000000 24.000000 79.000000 162.000000 11.600000 967.000000 712.000000 7.000000 0.916061
446.000000 24.000000 79.000000 162.000000 11.600000 967.000000 712.000000 56.000000 1.429121
387.000000 20.000000 94.000000 157.000000 14.300000 938.000000 845.000000 28.000000 0.815827
387.000000 20.000000 94.000000 157.000000 14.300000 938.000000 845.000000 3.000000 -0.740907
387.000000 20.000000 94.000000 157.000000 13.900000 938.000000 845.000000 7.000000 0.570057
387.000000 20.000000 94.000000 157.000000 14.300000 938.000000 845.000000 56.000000 1.161265
387.000000 20.000000 94.000000 157.000000 13.900000 938.000000 845.000000 56.000000 0.687279
387.000000 20.000000 94.000000 157.000000 11.600000 938.000000 845.000000 56.000000 1.451206
355.000000 19.000000 97.000000 145.000000 12.300000 967.000000 871.000000 28.000000 1.110865
491.000000 26.000000 123.000000 201.000000 3.900000 822.000000 699.000000 28.000000 1.250739
491.000000 26.000000 123.000000 201.000000 3.900000 822.000000 699.000000 3.000000 -0.355829
491.000000 26.000000 123.000000 201.000000 3.900000 822.000000 699.000000 7.000000 0.118157
491.000000 26.000000 123.000000 201.000000 3.900000 822.000000 699.000000 56.000000 1.473858
424.000000 22.000000 132.000000 168.000000 8.900000 822.000000 750.000000 56.000000 2.181722
202.000000 11.000000 141.000000 206.000000 1.700000 942.000000 801.000000 28.000000 -0.785078
359.000000 19.000000 141.000000 154.000000 10.900000 942.000000 801.000000 28.000000 1.535017
359.000000 19.000000 141.000000 154.000000 10.900000 942.000000 801.000000 28.000000 1.339647
359.000000 19.000000 141.000000 154.000000 10.900000 942.000000 801.000000 56.000000 1.752473
289.000000 0.000000 0.000000 192.000000 0.000000 913.200000 895.300000 3.000000 -1.369490
255.000000 0.000000 0.000000 192.000000 0.000000 889.800000 945.000000 90.000000 -0.791307
255.000000 0.000000 0.000000 192.000000 0.000000 889.800000 945.000000 28.000000 -0.967423
289.000000 0.000000 0.000000 192.000000 0.000000 913.200000 895.300000 28.000000 -0.581213
393.000000 0.000000 0.000000 192.000000 0.000000 940.600000 785.600000 7.000000 -0.458328
255.000000 0.000000 0.000000 192.000000 0.000000 889.800000 945.000000 3.000000 -1.564860
158.800000 238.200000 0.000000 185.700000 0.000000 1040.600000 734.300000 7.000000 -1.484447
181.900000 272.800000 0.000000 185.700000 0.000000 1012.400000 714.300000 28.000000 -0.447002
255.500000 170.300000 0.000000 185.700000 0.000000 1026.600000 724.300000 7.000000 -1.052933
239.600000 359.400000 0.000000 185.700000 0.000000 941.600000 664.300000 28.000000 0.204233
397.000000 0.000000 0.000000 185.700000 0.000000 1040.600000 734.300000 28.000000 -0.155928
295.800000 0.000000 0.000000 185.700000 0.000000 1091.400000 769.300000 7.000000 -1.188843
255.500000 170.300000 0.000000 185.700000 0.000000 1026.600000 724.300000 28.000000 -0.214256
203.500000 135.700000 0.000000 185.700000 0.000000 1076.200000 759.300000 7.000000 -1.351935
381.400000 0.000000 0.000000 185.700000 0.000000 1104.600000 784.300000 28.000000 -0.755630
220.800000 147.200000 0.000000 185.700000 0.000000 1055.000000 744.300000 7.000000 -1.287944
238.100000 0.000000 0.000000 185.700000 0.000000 1118.800000 789.300000 28.000000 -1.033679
339.200000 0.000000 0.000000 185.700000 0.000000 1069.200000 754.300000 7.000000 -0.829815
290.200000 193.500000 0.000000 185.700000 0.000000 998.200000 704.300000 7.000000 -0.791307
170.300000 155.500000 0.000000 185.700000 0.000000 1026.600000 724.300000 28.000000 -0.572152
210.700000 316.100000 0.000000 185.700000 0.000000 977.000000 689.300000 28.000000 0.111928
228.000000 342.100000 0.000000 185.700000 0.000000 955.800000 674.300000 7.000000 -0.787909
186.200000 124.100000 0.000000 185.700000 0.000000 1083.400000 764.300000 7.000000 -1.576186
382.500000 0.000000 0.000000 185.700000 0.000000 1047.800000 739.300000 28.000000 0.090975
316.100000 210.700000 0.000000 185.700000 0.000000 977.000000 689.300000 7.000000 -0.645204
272.800000 181.900000 0.000000 185.700000 0.000000 1012.400000 714.300000 28.000000 -0.252198
339.000000 0.000000 0.000000 197.000000 0.000000 968.000000 781.000000 7.000000 -0.841707
339.000000 0.000000 0.000000 197.000000 0.000000 968.000000 781.000000 14.000000 -0.497968
339.000000 0.000000 0.000000 197.000000 0.000000 968.000000 781.000000 28.000000 -0.214822
236.000000 0.000000 0.000000 194.000000 0.000000 968.000000 885.000000 90.000000 -0.786210
236.000000 0.000000 0.000000 193.000000 0.000000 968.000000 885.000000 365.000000 -0.608961
277.000000 0.000000 0.000000 191.000000 0.000000 968.000000 856.000000 28.000000 -0.558561
277.000000 0.000000 0.000000 191.000000 0.000000 968.000000 856.000000 180.000000 -0.198400
254.000000 0.000000 0.000000 198.000000 0.000000 968.000000 863.000000 365.000000 -0.342238
307.000000 0.000000 0.000000 193.000000 0.000000 968.000000 812.000000 90.000000 -0.164989
236.000000 0.000000 0.000000 193.000000 0.000000 968.000000 885.000000 7.000000 -1.463494
225.000000 0.000000 0.000000 181.000000 0.000000 1113.000000 833.000000 7.000000 -1.396672
325.000000 0.000000 0.000000 184.000000 0.000000 1063.000000 783.000000 28.000000 -0.298067
275.000000 0.000000 0.000000 183.000000 0.000000 1088.000000 808.000000 28.000000 -0.641806
300.000000 0.000000 0.000000 184.000000 0.000000 1075.000000 795.000000 7.000000 -1.146938
300.000000 0.000000 0.000000 184.000000 0.000000 1075.000000 795.000000 28.000000 -0.508728
375.000000 0.000000 0.000000 186.000000 0.000000 1038.000000 758.000000 28.000000 0.134579
400.000000 0.000000 0.000000 187.000000 0.000000 1025.000000 745.000000 28.000000 0.445473
400.000000 0.000000 0.000000 187.000000 0.000000 1025.000000 745.000000 7.000000 -0.322418
250.000000 0.000000 0.000000 182.000000 0.000000 1100.000000 820.000000 7.000000 -1.308331
250.000000 0.000000 0.000000 182.000000 0.000000 1100.000000 820.000000 28.000000 -0.847370
350.000000 0.000000 0.000000 186.000000 0.000000 1050.000000 770.000000 28.000000 -0.087407
141.300000 212.000000 0.000000 203.500000 0.000000 971.800000 748.500000 28.000000 -0.336575
166.800000 250.200000 0.000000 203.500000 0.000000 975.600000 692.600000 3.000000 -1.638478
122.600000 183.900000 0.000000 203.500000 0.000000 958.200000 800.100000 90.000000 -0.149699
108.300000 162.400000 0.000000 203.500000 0.000000 938.200000 849.000000 28.000000 -0.863226
108.300000 162.400000 0.000000 203.500000 0.000000 938.200000 849.000000 90.000000 -0.373950
116.000000 173.000000 0.000000 192.000000 0.000000 909.800000 891.900000 90.000000 -0.272584
133.000000 200.000000 0.000000 192.000000 0.000000 927.400000 839.200000 28.000000 -0.450966
192.000000 288.000000 0.000000 192.000000 0.000000 929.800000 716.100000 3.000000 -1.304933
192.000000 288.000000 0.000000 192.000000 0.000000 929.800000 716.100000 28.000000 0.197437
166.800000 250.200000 0.000000 203.500000 0.000000 975.600000 692.600000 7.000000 -1.137311
102.000000 153.000000 0.000000 192.000000 0.000000 887.000000 942.000000 7.000000 -1.594308
288.000000 192.000000 0.000000 192.000000 0.000000 932.000000 717.800000 28.000000 0.167990
212.000000 141.300000 0.000000 203.500000 0.000000 973.400000 750.000000 28.000000 -0.160459
173.000000 116.000000 0.000000 192.000000 0.000000 946.800000 856.800000 28.000000 -0.654264
133.000000 200.000000 0.000000 192.000000 0.000000 927.400000 839.200000 7.000000 -1.255666
305.300000 203.500000 0.000000 203.500000 0.000000 965.400000 631.000000 3.000000 -1.228484
157.000000 236.000000 0.000000 192.000000 0.000000 935.400000 781.200000 7.000000 -1.072753
153.000000 102.000000 0.000000 192.000000 0.000000 888.000000 943.100000 28.000000 -1.012160
203.500000 305.300000 0.000000 203.500000 0.000000 963.400000 630.000000 3.000000 -1.487845
133.000000 200.000000 0.000000 192.000000 0.000000 927.400000 839.200000 3.000000 -1.639611
200.000000 133.000000 0.000000 192.000000 0.000000 965.400000 806.200000 7.000000 -1.056897
116.000000 173.000000 0.000000 192.000000 0.000000 909.800000 891.900000 3.000000 -1.673588
173.000000 116.000000 0.000000 192.000000 0.000000 946.800000 856.800000 90.000000 -0.211425
250.200000 166.800000 0.000000 203.500000 0.000000 977.600000 694.100000 28.000000 0.063793
305.300000 203.500000 0.000000 203.500000 0.000000 965.400000 631.000000 90.000000 1.062730
153.000000 102.000000 0.000000 192.000000 0.000000 888.000000 943.100000 7.000000 -1.555234
141.300000 212.000000 0.000000 203.500000 0.000000 971.800000 748.500000 3.000000 -1.755701
122.600000 183.900000 0.000000 203.500000 0.000000 958.200000 800.100000 7.000000 -1.443108
203.500000 305.300000 0.000000 203.500000 0.000000 963.400000 630.000000 90.000000 0.907567
310.000000 0.000000 0.000000 192.000000 0.000000 1012.000000 830.000000 3.000000 -1.358164
310.000000 0.000000 0.000000 192.000000 0.000000 1012.000000 830.000000 7.000000 -1.052933
310.000000 0.000000 0.000000 192.000000 0.000000 1012.000000 830.000000 120.000000 0.162327
331.000000 0.000000 0.000000 192.000000 0.000000 1025.000000 821.000000 3.000000 -1.218857
331.000000 0.000000 0.000000 192.000000 0.000000 1025.000000 821.000000 120.000000 0.200835
349.000000 0.000000 0.000000 192.000000 0.000000 1056.000000 809.000000 3.000000 -1.130515
349.000000 0.000000 0.000000 192.000000 0.000000 1056.000000 809.000000 7.000000 -1.518991
349.000000 0.000000 0.000000 192.000000 0.000000 1056.000000 809.000000 28.000000 -0.125915
349.000000 0.000000 0.000000 192.000000 0.000000 1056.000000 809.000000 90.000000 0.273320
238.000000 0.000000 0.000000 186.000000 0.000000 1119.000000 789.000000 7.000000 -1.346838
297.000000 0.000000 0.000000 186.000000 0.000000 1040.000000 734.000000 7.000000 -0.275982
480.000000 0.000000 0.000000 192.000000 0.000000 936.000000 721.000000 28.000000 0.456233
397.000000 0.000000 0.000000 186.000000 0.000000 1040.000000 734.000000 28.000000 0.062660
500.000000 0.000000 0.000000 200.000000 0.000000 1125.000000 613.000000 7.000000 -0.148566
540.000000 0.000000 0.000000 173.000000 0.000000 1125.000000 613.000000 7.000000 0.950038
540.000000 0.000000 0.000000 173.000000 0.000000 1125.000000 613.000000 28.000000 1.782486
540.000000 0.000000 0.000000 173.000000 0.000000 1125.000000 613.000000 270.000000 2.170962
350.000000 0.000000 0.000000 203.000000 0.000000 974.000000 775.000000 14.000000 -0.753365
350.000000 0.000000 0.000000 203.000000 0.000000 974.000000 775.000000 28.000000 -0.480979
350.000000 0.000000 0.000000 203.000000 0.000000 974.000000 775.000000 180.000000 -0.176315
385.000000 0.000000 0.000000 186.000000 0.000000 966.000000 763.000000 3.000000 -1.196771
385.000000 0.000000 0.000000 186.000000 0.000000 966.000000 763.000000 28.000000 -0.253897
331.000000 0.000000 0.000000 192.000000 0.000000 978.000000 825.000000 180.000000 0.179316
281.000000 0.000000 0.000000 186.000000 0.000000 1104.000000 774.000000 28.000000 -0.758462
339.000000 0.000000 0.000000 185.000000 0.000000 1069.000000 754.000000 7.000000 -0.830947
295.000000 0.000000 0.000000 185.000000 0.000000 1069.000000 769.000000 28.000000 -0.603298
349.000000 0.000000 0.000000 192.000000 0.000000 1047.000000 806.000000 7.000000 -1.002533
349.000000 0.000000 0.000000 192.000000 0.000000 1047.000000 806.000000 360.000000 0.356565
525.000000 0.000000 0.000000 189.000000 0.000000 1125.000000 613.000000 180.000000 1.477255
500.000000 0.000000 0.000000 200.000000 0.000000 1125.000000 613.000000 90.000000 0.644807
500.000000 0.000000 0.000000 200.000000 0.000000 1125.000000 613.000000 180.000000 0.861131
339.000000 0.000000 0.000000 185.000000 0.000000 1060.000000 754.000000 28.000000 -0.236908
393.000000 0.000000 0.000000 192.000000 0.000000 940.000000 758.000000 3.000000 -0.947037
393.000000 0.000000 0.000000 192.000000 0.000000 940.000000 758.000000 28.000000 0.212161
393.000000 0.000000 0.000000 192.000000 0.000000 940.000000 758.000000 90.000000 0.733715
382.000000 0.000000 0.000000 185.000000 0.000000 1047.000000 739.000000 7.000000 -0.670121
310.000000 0.000000 0.000000 192.000000 0.000000 970.000000 850.000000 28.000000 -0.448134
310.000000 0.000000 0.000000 192.000000 0.000000 970.000000 850.000000 360.000000 0.128916
322.000000 0.000000 0.000000 203.000000 0.000000 974.000000 800.000000 14.000000 -0.853033
322.000000 0.000000 0.000000 203.000000 0.000000 974.000000 800.000000 180.000000 -0.353564
302.000000 0.000000 0.000000 203.000000 0.000000 974.000000 817.000000 28.000000 -0.797536
522.000000 0.000000 0.000000 146.000000 0.000000 896.000000 896.000000 28.000000 2.217398
152.000000 178.000000 139.000000 168.000000 18.000000 944.000000 695.000000 28.000000 0.029249
310.000000 143.000000 111.000000 168.000000 22.000000 914.000000 651.000000 28.000000 -0.121384
304.000000 140.000000 0.000000 214.000000 6.000000 895.000000 722.000000 28.000000 -0.136674
159.000000 149.000000 116.000000 175.000000 15.000000 953.000000 720.000000 28.000000 -0.461725
252.000000 97.000000 76.000000 194.000000 8.000000 835.000000 821.000000 28.000000 -0.137807
165.000000 0.000000 150.000000 182.000000 12.000000 1023.000000 729.000000 28.000000 -1.008196
160.000000 188.000000 146.000000 203.000000 11.000000 829.000000 710.000000 28.000000 -0.169519
298.000000 0.000000 107.000000 186.000000 6.000000 879.000000 815.000000 28.000000 0.385446
318.000000 0.000000 126.000000 210.000000 6.000000 861.000000 737.000000 28.000000 0.239343
132.000000 207.000000 161.000000 179.000000 5.000000 867.000000 736.000000 28.000000 -0.143470
265.000000 111.000000 86.000000 195.000000 6.000000 833.000000 790.000000 28.000000 0.323154
160.000000 250.000000 0.000000 168.000000 12.000000 1049.000000 688.000000 28.000000 0.204799
276.000000 116.000000 90.000000 180.000000 9.000000 870.000000 768.000000 28.000000 0.478318
322.000000 0.000000 116.000000 196.000000 10.000000 818.000000 813.000000 28.000000 -0.263523
149.000000 139.000000 109.000000 193.000000 6.000000 892.000000 780.000000 28.000000 -0.687676
153.000000 145.000000 113.000000 178.000000 8.000000 867.000000 824.000000 28.000000 -0.543838
148.000000 0.000000 137.000000 158.000000 16.000000 1002.000000 830.000000 28.000000 -1.012727
153.000000 145.000000 0.000000 178.000000 8.000000 1000.000000 822.000000 28.000000 -0.952700
262.000000 111.000000 86.000000 195.000000 5.000000 895.000000 733.000000 28.000000 -0.119686
158.000000 0.000000 195.000000 220.000000 11.000000 898.000000 713.000000 28.000000 -1.545607
151.000000 0.000000 185.000000 167.000000 16.000000 1074.000000 678.000000 28.000000 -1.266991
273.000000 0.000000 90.000000 199.000000 11.000000 931.000000 762.000000 28.000000 -0.203497
149.000000 118.000000 92.000000 183.000000 7.000000 953.000000 780.000000 28.000000 -0.697302
260.000000 101.000000 78.000000 171.000000 10.000000 936.000000 763.000000 28.000000 0.789212
313.000000 161.000000 0.000000 178.000000 10.000000 917.000000 759.000000 28.000000 0.940411
144.000000 170.000000 133.000000 192.000000 8.000000 814.000000 805.000000 28.000000 -0.337708
331.000000 170.000000 0.000000 195.000000 8.000000 811.000000 802.000000 28.000000 1.176555
155.000000 0.000000 143.000000 193.000000 9.000000 1047.000000 697.000000 28.000000 -1.323620
266.000000 112.000000 87.000000 178.000000 10.000000 910.000000 745.000000 28.000000 0.203100
148.000000 0.000000 182.000000 181.000000 15.000000 839.000000 884.000000 28.000000 -1.150335
155.000000 184.000000 143.000000 194.000000 9.000000 880.000000 699.000000 28.000000 -0.387541
289.000000 134.000000 0.000000 195.000000 6.000000 924.000000 760.000000 28.000000 0.589311
136.000000 196.000000 98.000000 199.000000 6.000000 847.000000 783.000000 28.000000 -0.501932
144.000000 15.000000 195.000000 176.000000 6.000000 1021.000000 709.000000 28.000000 -1.160529
236.900000 91.700000 71.500000 246.900000 6.000000 852.900000 695.400000 28.000000 -0.407928
313.300000 0.000000 113.000000 178.500000 8.000000 1001.900000 688.700000 28.000000 0.054732
313.300000 145.000000 0.000000 178.500000 8.000000 867.200000 824.000000 28.000000 0.288610
149.500000 236.000000 0.000000 175.800000 12.600000 846.800000 892.700000 28.000000 -0.162724
299.800000 0.000000 119.800000 211.500000 9.900000 878.200000 727.600000 28.000000 -0.679181
152.700000 144.700000 0.000000 178.100000 8.000000 999.700000 822.200000 28.000000 -0.952700
261.900000 110.500000 86.100000 195.400000 5.000000 895.200000 732.600000 28.000000 -0.119686
150.700000 0.000000 185.300000 166.700000 15.600000 1074.500000 678.000000 28.000000 -1.266991
134.700000 0.000000 165.700000 180.200000 10.000000 961.000000 804.900000 28.000000 -1.276618
312.700000 144.700000 0.000000 127.300000 8.000000 999.700000 822.200000 28.000000 0.491909
277.000000 116.800000 91.000000 190.600000 7.000000 946.500000 665.600000 28.000000 0.438677
155.200000 183.900000 143.200000 193.800000 9.200000 879.600000 698.500000 28.000000 -0.387541
312.700000 0.000000 0.000000 178.100000 8.000000 999.700000 822.200000 28.000000 -0.607828
255.300000 98.800000 77.000000 188.600000 6.500000 919.000000 749.300000 28.000000 -0.115155
272.800000 105.100000 81.800000 209.700000 9.000000 904.000000 679.700000 28.000000 0.075685
374.300000 0.000000 0.000000 190.200000 6.700000 1013.200000 730.400000 28.000000 0.182714
152.600000 238.700000 0.000000 200.000000 6.300000 1001.800000 683.900000 28.000000 -0.508161
304.800000 0.000000 99.600000 196.000000 9.800000 959.400000 705.200000 28.000000 -0.323550
150.900000 0.000000 183.900000 166.600000 11.600000 991.200000 772.200000 28.000000 -1.147504
297.800000 137.200000 106.900000 201.300000 6.000000 878.400000 655.300000 28.000000 1.001571
155.600000 243.500000 0.000000 180.300000 10.700000 1022.000000 697.700000 28.000000 0.086444
287.300000 120.500000 93.900000 187.600000 9.200000 904.400000 695.900000 28.000000 0.451136
132.000000 206.500000 160.900000 178.900000 5.500000 866.900000 735.600000 28.000000 -0.142903
164.200000 0.000000 200.100000 181.200000 12.600000 849.300000 846.000000 28.000000 -1.174686
139.700000 163.900000 127.700000 236.700000 5.800000 868.600000 655.600000 28.000000 -0.034176
276.400000 116.000000 90.300000 179.600000 8.900000 870.100000 768.300000 28.000000 0.478318
260.900000 100.500000 78.300000 200.600000 8.600000 864.500000 761.500000 28.000000 -0.194436
