540.000000 0.000000 0.000000 162.000000 2.500000 1040.000000 676.000000 28.000000 2.549486
540.000000 0.000000 0.000000 162.000000 2.500000 1055.000000 676.000000 28.000000 1.486489
266.000000 114.000000 0.000000 228.000000 0.000000 932.000000 670.000000 90.000000 0.613774
380.000000 95.000000 0.000000 228.000000 0.000000 932.000000 594.000000 28.000000 -0.007580
198.600000 132.400000 0.000000 192.000000 0.000000 978.400000 825.500000 28.000000 -0.502666
427.500000 47.500000 0.000000 228.000000 0.000000 932.000000 594.000000 270.000000 0.377683
427.500000 47.500000 0.000000 228.000000 0.000000 932.000000 594.000000 180.000000 0.308970
139.600000 209.400000 0.000000 192.000000 0.000000 1047.000000 806.900000 3.000000 -1.674900
342.000000 38.000000 0.000000 228.000000 0.000000 932.000000 670.000000 180.000000 0.912705
427.500000 47.500000 0.000000 228.000000 0.000000 932.000000 594.000000 28.000000 0.049975
304.000000 76.000000 0.000000 228.000000 0.000000 932.000000 670.000000 365.000000 1.097115
198.600000 132.400000 0.000000 192.000000 0.000000 978.400000 825.500000 180.000000 0.301922
475.000000 0.000000 0.000000 228.000000 0.000000 932.000000 594.000000 270.000000 0.326001
237.500000 237.500000 0.000000 228.000000 0.000000 932.000000 594.000000 270.000000 0.107529
427.500000 47.500000 0.000000 228.000000 0.000000 932.000000 594.000000 7.000000 -0.088039
190.000000 190.000000 0.000000 228.000000 0.000000 932.000000 670.000000 180.000000 0.607901
139.600000 209.400000 0.000000 192.000000 0.000000 1047.000000 806.900000 7.000000 -1.291399
198.600000 132.400000 0.000000 192.000000 0.000000 978.400000 825.500000 3.000000 -1.612060
304.000000 76.000000 0.000000 228.000000 0.000000 932.000000 670.000000 180.000000 0.843992
332.500000 142.500000 0.000000 228.000000 0.000000 932.000000 594.000000 28.000000 -0.209021
139.600000 209.400000 0.000000 192.000000 0.000000 1047.000000 806.900000 360.000000 0.476935
190.000000 190.000000 0.000000 228.000000 0.000000 932.000000 670.000000 28.000000 0.251415
469.000000 117.200000 0.000000 137.800000 32.200000 852.100000 840.500000 3.000000 0.212654
531.300000 0.000000 0.000000 141.800000 28.200000 852.100000 893.700000 3.000000 0.277256
362.600000 189.000000 0.000000 164.900000 11.600000 944.700000 755.800000 3.000000 -0.075118
379.500000 151.200000 0.000000 153.900000 15.900000 1134.300000 605.000000 3.000000 -0.468604
389.900000 189.000000 0.000000 145.900000 22.000000 944.700000 755.800000 3.000000 0.236146
375.000000 93.800000 0.000000 126.600000 23.400000 852.100000 992.600000 7.000000 0.535664
469.000000 117.200000 0.000000 137.800000 32.200000 852.100000 840.500000 7.000000 1.075972
425.000000 106.300000 0.000000 153.500000 16.500000 852.100000 887.100000 7.000000 0.741216
425.000000 106.300000 0.000000 153.500000 16.500000 852.100000 887.100000 7.000000 0.741216
401.800000 94.700000 0.000000 147.400000 11.400000 946.800000 852.100000 7.000000 1.028989
362.600000 189.000000 0.000000 164.900000 11.600000 944.700000 755.800000 7.000000 1.134701
362.600000 189.000000 0.000000 164.900000 11.600000 944.700000 755.800000 7.000000 -0.803360
425.000000 106.300000 0.000000 151.400000 18.600000 936.000000 803.700000 28.000000 1.481203
469.000000 117.200000 0.000000 137.800000 32.200000 852.100000 840.500000 28.000000 1.780722
388.600000 97.100000 0.000000 157.900000 12.100000 852.100000 925.700000 28.000000 0.829310
425.000000 106.300000 0.000000 153.500000 16.500000 852.100000 887.100000 28.000000 1.392522
401.800000 94.700000 0.000000 147.400000 11.400000 946.800000 852.100000 28.000000 1.874688
323.700000 282.800000 0.000000 183.800000 10.300000 942.700000 659.900000 28.000000 2.238809
379.500000 151.200000 0.000000 153.900000 15.900000 1134.300000 605.000000 28.000000 0.917404
362.600000 189.000000 0.000000 164.900000 11.600000 944.700000 755.800000 28.000000 2.039130
362.600000 189.000000 0.000000 164.900000 11.600000 944.700000 755.800000 28.000000 2.039130
375.000000 93.800000 0.000000 126.600000 23.400000 852.100000 992.600000 56.000000 1.387237
469.000000 117.200000 0.000000 137.800000 32.200000 852.100000 840.500000 56.000000 1.921672
531.300000 0.000000 0.000000 141.800000 28.200000 852.100000 893.700000 56.000000 1.305016
425.000000 106.300000 0.000000 153.500000 16.500000 852.100000 887.100000 56.000000 1.628026
286.300000 200.900000 0.000000 144.700000 11.200000 1004.600000 803.700000 56.000000 2.138382
337.900000 189.000000 0.000000 174.900000 9.500000 944.700000 755.800000 56.000000 1.369031
374.000000 189.200000 0.000000 170.100000 10.100000 926.100000 756.700000 91.000000 1.663263
313.300000 262.200000 0.000000 175.500000 8.600000 1046.900000 611.800000 91.000000 1.763103
425.000000 106.300000 0.000000 151.400000 18.600000 936.000000 803.700000 91.000000 1.768976
475.000000 118.800000 0.000000 181.100000 8.900000 852.100000 781.500000 91.000000 2.208857
362.600000 189.000000 0.000000 164.900000 11.600000 944.700000 755.800000 91.000000 2.508963
286.300000 200.900000 0.000000 144.700000 11.200000 1004.600000 803.700000 91.000000 2.362140
389.900000 189.000000 0.000000 145.900000 22.000000 944.700000 755.800000 91.000000 2.702769
362.600000 189.000000 0.000000 164.900000 11.600000 944.700000 755.800000 91.000000 2.508963
222.400000 0.000000 96.700000 189.300000 4.500000 967.100000 870.300000 56.000000 -0.418684
194.700000 0.000000 100.500000 165.600000 7.500000 1006.400000 905.900000 100.000000 0.044689
190.700000 0.000000 125.400000 162.100000 7.800000 1090.000000 804.000000 3.000000 -1.264970
190.700000 0.000000 125.400000 162.100000 7.800000 1090.000000 804.000000 14.000000 -0.911421
190.700000 0.000000 125.400000 162.100000 7.800000 1090.000000 804.000000 100.000000 0.234384
212.100000 0.000000 121.600000 180.300000 5.700000 1057.600000 779.300000 14.000000 -0.919643
212.100000 0.000000 121.600000 180.300000 5.700000 1057.600000 779.300000 28.000000 -0.685901
230.000000 0.000000 118.300000 195.500000 4.600000 1029.400000 758.600000 14.000000 -0.968976
230.000000 0.000000 118.300000 195.500000 4.600000 1029.400000 758.600000 100.000000 -0.072769
190.300000 0.000000 125.200000 161.900000 9.900000 1088.100000 802.600000 14.000000 -0.813931
166.100000 0.000000 163.300000 176.500000 4.500000 1058.600000 780.100000 3.000000 -1.516331
166.100000 0.000000 163.300000 176.500000 4.500000 1058.600000 780.100000 14.000000 -0.651838
166.100000 0.000000 163.300000 176.500000 4.500000 1058.600000 780.100000 28.000000 -0.883231
166.100000 0.000000 163.300000 176.500000 4.500000 1058.600000 780.100000 56.000000 -0.466842
168.000000 42.100000 163.800000 121.800000 5.700000 1058.700000 780.100000 28.000000 -0.724663
168.000000 42.100000 163.800000 121.800000 5.700000 1058.700000 780.100000 100.000000 0.155687
213.700000 98.100000 24.500000 181.700000 6.900000 1065.800000 785.400000 56.000000 0.833421
213.800000 98.100000 24.500000 181.700000 6.700000 1066.000000 785.500000 3.000000 -1.374207
213.800000 98.100000 24.500000 181.700000 6.700000 1066.000000 785.500000 14.000000 -1.100529
213.800000 98.100000 24.500000 181.700000 6.700000 1066.000000 785.500000 28.000000 0.214416
229.700000 0.000000 118.200000 195.200000 6.100000 1028.100000 757.600000 3.000000 -1.363635
229.700000 0.000000 118.200000 195.200000 6.100000 1028.100000 757.600000 14.000000 -0.837422
238.100000 0.000000 94.100000 186.700000 7.000000 949.900000 847.000000 28.000000 -0.372875
238.100000 0.000000 94.100000 186.700000 7.000000 949.900000 847.000000 56.000000 0.176829
238.100000 0.000000 94.100000 186.700000 7.000000 949.900000 847.000000 100.000000 0.453444
250.000000 0.000000 95.700000 187.400000 5.500000 956.900000 861.200000 3.000000 -1.336620
250.000000 0.000000 95.700000 187.400000 5.500000 956.900000 861.200000 14.000000 -0.684727
212.500000 0.000000 100.400000 159.300000 8.700000 1007.800000 903.600000 28.000000 -0.290067
212.600000 0.000000 100.400000 159.400000 10.400000 1003.800000 903.800000 56.000000 0.459317
212.000000 0.000000 124.800000 159.000000 7.800000 1085.400000 799.500000 28.000000 0.112815
212.000000 0.000000 124.800000 159.000000 7.800000 1085.400000 799.500000 100.000000 0.660170
251.400000 0.000000 118.300000 188.500000 5.800000 1028.400000 757.700000 56.000000 0.022959
251.400000 0.000000 118.300000 188.500000 6.400000 1028.400000 757.700000 3.000000 -1.377730
251.400000 0.000000 118.300000 188.500000 6.400000 1028.400000 757.700000 28.000000 -0.230163
251.400000 0.000000 118.300000 188.500000 6.400000 1028.400000 757.700000 56.000000 0.003579
251.400000 0.000000 118.300000 188.500000 6.400000 1028.400000 757.700000 100.000000 0.448158
182.000000 45.200000 122.000000 170.200000 8.200000 1059.400000 780.700000 3.000000 -1.718359
182.000000 45.200000 122.000000 170.200000 8.200000 1059.400000 780.700000 28.000000 -0.311797
182.000000 45.200000 122.000000 170.200000 8.200000 1059.400000 780.700000 56.000000 0.406460
168.900000 42.200000 124.300000 158.300000 10.800000 1080.800000 796.200000 3.000000 -1.713661
290.400000 0.000000 96.200000 168.100000 9.400000 961.200000 865.000000 28.000000 -0.108007
277.100000 0.000000 97.400000 160.600000 11.800000 973.900000 875.600000 56.000000 0.849278
295.700000 0.000000 95.600000 171.500000 8.900000 955.100000 859.200000 3.000000 -0.800423
295.700000 0.000000 95.600000 171.500000 8.900000 955.100000 859.200000 14.000000 -0.079230
295.700000 0.000000 95.600000 171.500000 8.900000 955.100000 859.200000 28.000000 0.197385
295.700000 0.000000 95.600000 171.500000 8.900000 955.100000 859.200000 100.000000 0.908007
251.800000 0.000000 99.900000 146.100000 12.400000 1006.000000 899.800000 3.000000 -0.913770
251.800000 0.000000 99.900000 146.100000 12.400000 1006.000000 899.800000 14.000000 -0.189053
251.800000 0.000000 99.900000 146.100000 12.400000 1006.000000 899.800000 56.000000 0.444047
249.100000 0.000000 98.800000 158.100000 12.800000 987.800000 889.000000 14.000000 -0.463905
249.100000 0.000000 98.800000 158.100000 12.800000 987.800000 889.000000 28.000000 -0.336463
249.100000 0.000000 98.800000 158.100000 12.800000 987.800000 889.000000 56.000000 0.320128
249.100000 0.000000 98.800000 158.100000 12.800000 987.800000 889.000000 100.000000 0.850452
246.800000 0.000000 125.100000 143.300000 12.000000 1086.800000 800.900000 3.000000 -0.766948
275.100000 0.000000 121.400000 159.500000 9.900000 1053.600000 777.500000 14.000000 0.128672
275.100000 0.000000 121.400000 159.500000 9.900000 1053.600000 777.500000 56.000000 1.190494
275.100000 0.000000 121.400000 159.500000 9.900000 1053.600000 777.500000 100.000000 1.293857
297.200000 0.000000 117.500000 174.800000 9.500000 1022.800000 753.500000 56.000000 0.903309
297.200000 0.000000 117.500000 174.800000 9.500000 1022.800000 753.500000 100.000000 1.184034
213.700000 0.000000 174.700000 154.800000 10.200000 1053.500000 776.400000 14.000000 -0.167323
213.700000 0.000000 174.700000 154.800000 10.200000 1053.500000 776.400000 56.000000 0.590870
213.500000 0.000000 174.200000 154.600000 11.700000 1052.300000 775.500000 28.000000 0.549759
213.500000 0.000000 174.200000 154.600000 11.700000 1052.300000 775.500000 56.000000 0.872182
213.500000 0.000000 174.200000 154.600000 11.700000 1052.300000 775.500000 100.000000 1.334380
277.200000 97.800000 24.500000 160.700000 11.200000 1061.700000 782.500000 3.000000 -0.359955
277.200000 97.800000 24.500000 160.700000 11.200000 1061.700000 782.500000 28.000000 1.559900
277.200000 97.800000 24.500000 160.700000 11.200000 1061.700000 782.500000 100.000000 1.783658
218.200000 54.600000 123.800000 140.800000 11.900000 1075.700000 792.700000 14.000000 -0.036357
218.200000 54.600000 123.800000 140.800000 11.900000 1075.700000 792.700000 28.000000 1.111797
218.200000 54.600000 123.800000 140.800000 11.900000 1075.700000 792.700000 100.000000 1.582805
214.900000 53.800000 121.900000 155.600000 9.600000 1014.300000 780.600000 56.000000 1.020767
214.900000 53.800000 121.900000 155.600000 9.600000 1014.300000 780.600000 100.000000 1.177574
218.900000 0.000000 124.100000 158.500000 11.300000 1078.700000 794.900000 14.000000 -0.618363
218.900000 0.000000 124.100000 158.500000 11.300000 1078.700000 794.900000 100.000000 0.566791
376.000000 0.000000 0.000000 214.600000 0.000000 1003.500000 762.400000 28.000000 -0.270686
376.000000 0.000000 0.000000 214.600000 0.000000 1003.500000 762.400000 56.000000 -0.016389
376.000000 0.000000 0.000000 214.600000 0.000000 1003.500000 762.400000 100.000000 0.380619
451.000000 0.000000 0.000000 165.000000 11.300000 1030.000000 745.000000 28.000000 2.479598
516.000000 0.000000 0.000000 162.000000 8.200000 801.000000 802.000000 28.000000 0.281367
520.000000 0.000000 0.000000 170.000000 5.200000 855.000000 855.000000 28.000000 1.391935
500.100000 0.000000 0.000000 200.000000 3.000000 1124.400000 613.200000 28.000000 0.443460
450.100000 50.000000 0.000000 200.000000 3.000000 1124.400000 613.200000 28.000000 0.164496
333.000000 17.500000 163.000000 167.000000 17.900000 996.000000 652.000000 28.000000 0.628456
334.000000 17.600000 158.000000 189.000000 15.300000 967.000000 633.000000 28.000000 0.455205
405.000000 0.000000 0.000000 175.000000 0.000000 1120.000000 695.000000 28.000000 0.923277
516.000000 0.000000 0.000000 162.000000 8.300000 801.000000 802.000000 28.000000 0.281367
250.000000 180.000000 95.000000 159.000000 9.500000 860.000000 800.000000 28.000000 1.837689
475.000000 0.000000 0.000000 162.000000 9.500000 1044.000000 662.000000 28.000000 1.288572
165.000000 0.000000 143.600000 163.800000 0.000000 1005.600000 900.900000 3.000000 -1.302557
167.000000 75.400000 167.000000 164.000000 7.900000 1007.300000 770.100000 3.000000 -1.236780
190.300000 0.000000 125.200000 166.600000 9.900000 1079.000000 798.900000 3.000000 -1.411206
213.500000 0.000000 174.200000 159.200000 11.700000 1043.600000 771.900000 3.000000 -1.231495
165.000000 128.500000 132.100000 175.100000 8.100000 1005.800000 746.600000 14.000000 -0.204910
173.800000 93.400000 159.900000 172.300000 9.700000 1007.200000 746.600000 14.000000 -0.412811
190.300000 0.000000 125.200000 166.600000 9.900000 1079.000000 798.900000 14.000000 -1.007737
178.000000 129.800000 118.600000 179.900000 3.600000 1007.300000 746.800000 28.000000 0.151576
167.400000 129.900000 128.600000 175.500000 7.800000 1006.300000 746.600000 28.000000 0.271383
172.400000 13.600000 172.400000 156.800000 4.100000 1006.300000 856.400000 28.000000 -0.169672
173.800000 93.400000 159.900000 172.300000 9.700000 1007.200000 746.600000 28.000000 0.072292
251.400000 0.000000 118.300000 192.900000 5.800000 1043.600000 754.300000 28.000000 -0.194339
165.000000 0.000000 143.600000 163.800000 0.000000 1005.600000 900.900000 56.000000 -0.001120
172.400000 13.600000 172.400000 156.800000 4.100000 1006.300000 856.400000 56.000000 -0.042817
250.000000 0.000000 95.700000 191.800000 5.300000 948.900000 857.200000 56.000000 0.179766
165.000000 0.000000 143.600000 163.800000 0.000000 1005.600000 900.900000 100.000000 0.081101
173.800000 93.400000 159.900000 172.300000 9.700000 1007.200000 746.600000 100.000000 0.843405
213.500000 0.000000 174.200000 159.200000 11.700000 1043.600000 771.900000 100.000000 0.962038
251.400000 0.000000 118.300000 192.900000 5.800000 1043.600000 754.300000 100.000000 0.209718
446.000000 24.000000 79.000000 162.000000 11.600000 967.000000 712.000000 28.000000 1.201065
446.000000 24.000000 79.000000 162.000000 11.600000 967.000000 712.000000 28.000000 0.848103
446.000000 24.000000 79.000000 162.000000 11.600000 967.000000 712.000000 56.000000 1.438331
387.000000 20.000000 94.000000 157.000000 14.300000 938.000000 845.000000 28.000000 0.802295
387.000000 20.000000 94.000000 157.000000 14.300000 938.000000 845.000000 3.000000 -0.812169
387.000000 20.000000 94.000000 157.000000 13.900000 938.000000 845.000000 7.000000 0.547410
387.000000 20.000000 94.000000 157.000000 13.900000 938.000000 845.000000 56.000000 0.668979
387.000000 20.000000 94.000000 157.000000 11.600000 938.000000 845.000000 56.000000 1.461235
491.000000 26.000000 123.000000 201.000000 3.900000 822.000000 699.000000 28.000000 1.253334
491.000000 26.000000 123.000000 201.000000 3.900000 822.000000 699.000000 56.000000 1.484727
424.000000 22.000000 132.000000 178.000000 8.500000 822.000000 750.000000 7.000000 0.142179
202.000000 11.000000 141.000000 206.000000 1.700000 942.000000 801.000000 3.000000 -1.569775
284.000000 15.000000 141.000000 179.000000 5.500000 842.000000 801.000000 3.000000 -1.361286
284.000000 15.000000 141.000000 179.000000 5.500000 842.000000 801.000000 7.000000 -0.731123
359.000000 19.000000 141.000000 154.000000 10.900000 942.000000 801.000000 28.000000 1.548154
359.000000 19.000000 141.000000 154.000000 10.900000 942.000000 801.000000 28.000000 1.345539
359.000000 19.000000 141.000000 154.000000 10.900000 942.000000 801.000000 7.000000 0.119275
359.000000 19.000000 141.000000 154.000000 10.900000 942.000000 801.000000 56.000000 1.773674
289.000000 0.000000 0.000000 192.000000 0.000000 913.200000 895.300000 3.000000 -1.464062
393.000000 0.000000 0.000000 192.000000 0.000000 940.600000 785.600000 90.000000 0.720661
255.000000 0.000000 0.000000 192.000000 0.000000 889.800000 945.000000 90.000000 -0.864438
289.000000 0.000000 0.000000 192.000000 0.000000 913.200000 895.300000 28.000000 -0.646553
255.000000 0.000000 0.000000 192.000000 0.000000 889.800000 945.000000 3.000000 -1.666678
238.200000 158.800000 0.000000 185.700000 0.000000 1040.600000 734.300000 7.000000 -1.226797
181.900000 272.800000 0.000000 185.700000 0.000000 1012.400000 714.300000 28.000000 -0.507365
255.500000 170.300000 0.000000 185.700000 0.000000 1026.600000 724.300000 28.000000 -0.265988
135.700000 203.500000 0.000000 185.700000 0.000000 1076.200000 759.300000 7.000000 -1.707201
339.200000 0.000000 0.000000 185.700000 0.000000 1069.200000 754.300000 7.000000 -0.904374
181.900000 272.800000 0.000000 185.700000 0.000000 1012.400000 714.300000 7.000000 -1.421777
170.300000 155.500000 0.000000 185.700000 0.000000 1026.600000 724.300000 28.000000 -0.637156
210.700000 316.100000 0.000000 185.700000 0.000000 977.000000 689.300000 28.000000 0.072292
228.000000 342.100000 0.000000 185.700000 0.000000 955.800000 674.300000 7.000000 -0.860914
290.200000 193.500000 0.000000 185.700000 0.000000 998.200000 704.300000 28.000000 -0.207846
186.200000 124.100000 0.000000 185.700000 0.000000 1083.400000 764.300000 7.000000 -1.678423
252.500000 0.000000 0.000000 185.700000 0.000000 1111.600000 784.300000 28.000000 -0.987182
316.100000 210.700000 0.000000 185.700000 0.000000 977.000000 689.300000 7.000000 -0.712917
339.000000 0.000000 0.000000 197.000000 0.000000 968.000000 781.000000 7.000000 -0.916707
236.000000 0.000000 0.000000 193.000000 0.000000 968.000000 885.000000 365.000000 -0.675330
277.000000 0.000000 0.000000 191.000000 0.000000 968.000000 856.000000 180.000000 -0.249544
277.000000 0.000000 0.000000 191.000000 0.000000 968.000000 856.000000 360.000000 -0.169085
307.000000 0.000000 0.000000 193.000000 0.000000 968.000000 812.000000 180.000000 -0.122689
307.000000 0.000000 0.000000 193.000000 0.000000 968.000000 812.000000 28.000000 -0.531444
307.000000 0.000000 0.000000 193.000000 0.000000 968.000000 812.000000 90.000000 -0.214894
225.000000 0.000000 0.000000 181.000000 0.000000 1113.000000 833.000000 7.000000 -1.492252
325.000000 0.000000 0.000000 184.000000 0.000000 1063.000000 783.000000 7.000000 -1.118148
375.000000 0.000000 0.000000 186.000000 0.000000 1038.000000 758.000000 7.000000 -0.617776
400.000000 0.000000 0.000000 187.000000 0.000000 1025.000000 745.000000 7.000000 -0.378161
350.000000 0.000000 0.000000 186.000000 0.000000 1050.000000 770.000000 7.000000 -0.957230
141.300000 212.000000 0.000000 203.500000 0.000000 971.800000 748.500000 28.000000 -0.392843
166.800000 250.200000 0.000000 203.500000 0.000000 975.600000 692.600000 3.000000 -1.743026
166.800000 250.200000 0.000000 203.500000 0.000000 975.600000 692.600000 28.000000 -0.154403
108.300000 162.400000 0.000000 203.500000 0.000000 938.200000 849.000000 28.000000 -0.939024
133.000000 200.000000 0.000000 192.000000 0.000000 927.400000 839.200000 28.000000 -0.511476
192.000000 288.000000 0.000000 192.000000 0.000000 929.800000 716.100000 3.000000 -1.397111
305.300000 203.500000 0.000000 203.500000 0.000000 965.400000 631.000000 28.000000 0.399413
173.000000 116.000000 0.000000 192.000000 0.000000 946.800000 856.800000 3.000000 -1.740676
236.000000 157.000000 0.000000 192.000000 0.000000 972.600000 749.100000 3.000000 -1.351302
183.900000 122.600000 0.000000 203.500000 0.000000 959.200000 800.000000 90.000000 -0.237798
212.000000 141.300000 0.000000 203.500000 0.000000 973.400000 750.000000 28.000000 -0.210195
183.900000 122.600000 0.000000 203.500000 0.000000 959.200000 800.000000 28.000000 -0.735821
133.000000 200.000000 0.000000 192.000000 0.000000 927.400000 839.200000 90.000000 0.000642
192.000000 288.000000 0.000000 192.000000 0.000000 929.800000 716.100000 90.000000 0.831072
305.300000 203.500000 0.000000 203.500000 0.000000 965.400000 631.000000 3.000000 -1.317827
153.000000 102.000000 0.000000 192.000000 0.000000 888.000000 943.100000 28.000000 -1.093481
108.300000 162.400000 0.000000 203.500000 0.000000 938.200000 849.000000 7.000000 -1.694868
288.000000 192.000000 0.000000 192.000000 0.000000 932.000000 717.800000 90.000000 0.819326
122.600000 183.900000 0.000000 203.500000 0.000000 958.200000 800.100000 3.000000 -1.953276
305.300000 203.500000 0.000000 203.500000 0.000000 965.400000 631.000000 90.000000 1.058354
192.000000 288.000000 0.000000 192.000000 0.000000 929.800000 716.100000 7.000000 -0.886755
157.000000 236.000000 0.000000 192.000000 0.000000 935.400000 781.200000 3.000000 -1.579171
153.000000 102.000000 0.000000 192.000000 0.000000 888.000000 943.100000 7.000000 -1.656694
141.300000 212.000000 0.000000 203.500000 0.000000 971.800000 748.500000 90.000000 0.180940
141.300000 212.000000 0.000000 203.500000 0.000000 971.800000 748.500000 3.000000 -1.864595
122.600000 183.900000 0.000000 203.500000 0.000000 958.200000 800.100000 7.000000 -1.540410
310.000000 0.000000 0.000000 192.000000 0.000000 1012.000000 830.000000 3.000000 -1.452316
310.000000 0.000000 0.000000 192.000000 0.000000 1012.000000 830.000000 28.000000 -0.513825
331.000000 0.000000 0.000000 192.000000 0.000000 1025.000000 821.000000 3.000000 -1.307843
331.000000 0.000000 0.000000 192.000000 0.000000 1025.000000 821.000000 7.000000 -1.124021
331.000000 0.000000 0.000000 192.000000 0.000000 1025.000000 821.000000 90.000000 0.078165
349.000000 0.000000 0.000000 192.000000 0.000000 1056.000000 809.000000 120.000000 0.251415
238.000000 0.000000 0.000000 186.000000 0.000000 1119.000000 789.000000 7.000000 -1.440571
297.000000 0.000000 0.000000 186.000000 0.000000 1040.000000 734.000000 7.000000 -0.330003
500.000000 0.000000 0.000000 200.000000 0.000000 1125.000000 613.000000 7.000000 -0.197862
500.000000 0.000000 0.000000 200.000000 0.000000 1125.000000 613.000000 28.000000 0.441110
540.000000 0.000000 0.000000 173.000000 0.000000 1125.000000 613.000000 7.000000 0.941483
540.000000 0.000000 0.000000 173.000000 0.000000 1125.000000 613.000000 28.000000 1.804801
540.000000 0.000000 0.000000 173.000000 0.000000 1125.000000 613.000000 90.000000 1.942814
350.000000 0.000000 0.000000 203.000000 0.000000 974.000000 775.000000 14.000000 -0.825089
350.000000 0.000000 0.000000 203.000000 0.000000 974.000000 775.000000 90.000000 -0.307099
350.000000 0.000000 0.000000 203.000000 0.000000 974.000000 775.000000 180.000000 -0.226640
385.000000 0.000000 0.000000 186.000000 0.000000 966.000000 763.000000 3.000000 -1.284938
385.000000 0.000000 0.000000 186.000000 0.000000 966.000000 763.000000 7.000000 -0.784566
385.000000 0.000000 0.000000 186.000000 0.000000 966.000000 763.000000 14.000000 -0.508539
385.000000 0.000000 0.000000 186.000000 0.000000 966.000000 763.000000 28.000000 -0.307099
281.000000 0.000000 0.000000 186.000000 0.000000 1104.000000 774.000000 28.000000 -0.830375
339.000000 0.000000 0.000000 185.000000 0.000000 1069.000000 754.000000 7.000000 -0.905548
295.000000 0.000000 0.000000 185.000000 0.000000 1069.000000 769.000000 28.000000 -0.669457
296.000000 0.000000 0.000000 192.000000 0.000000 1085.000000 765.000000 28.000000 -0.876771
331.000000 0.000000 0.000000 192.000000 0.000000 879.000000 825.000000 3.000000 -1.354239
331.000000 0.000000 0.000000 192.000000 0.000000 978.000000 825.000000 28.000000 -0.301226
331.000000 0.000000 0.000000 192.000000 0.000000 978.000000 825.000000 90.000000 0.038229
349.000000 0.000000 0.000000 192.000000 0.000000 1047.000000 806.000000 28.000000 -0.226640
349.000000 0.000000 0.000000 192.000000 0.000000 1047.000000 806.000000 360.000000 0.326001
525.000000 0.000000 0.000000 189.000000 0.000000 1125.000000 613.000000 180.000000 1.488251
500.000000 0.000000 0.000000 200.000000 0.000000 1125.000000 613.000000 270.000000 1.091242
339.000000 0.000000 0.000000 185.000000 0.000000 1060.000000 754.000000 28.000000 -0.289480
393.000000 0.000000 0.000000 192.000000 0.000000 940.000000 758.000000 28.000000 0.176242
382.000000 0.000000 0.000000 185.000000 0.000000 1047.000000 739.000000 7.000000 -0.738758
310.000000 0.000000 0.000000 192.000000 0.000000 970.000000 850.000000 360.000000 0.089910
525.000000 0.000000 0.000000 189.000000 0.000000 1125.000000 613.000000 7.000000 0.343033
525.000000 0.000000 0.000000 189.000000 0.000000 1125.000000 613.000000 14.000000 0.694233
525.000000 0.000000 0.000000 189.000000 0.000000 1125.000000 613.000000 270.000000 1.793055
322.000000 0.000000 0.000000 203.000000 0.000000 974.000000 800.000000 180.000000 -0.410462
302.000000 0.000000 0.000000 203.000000 0.000000 974.000000 817.000000 28.000000 -0.870898
397.000000 0.000000 0.000000 185.000000 0.000000 1040.000000 734.000000 28.000000 0.147465
522.000000 0.000000 0.000000 146.000000 0.000000 896.000000 896.000000 7.000000 0.818151
522.000000 0.000000 0.000000 146.000000 0.000000 896.000000 896.000000 28.000000 2.255840
154.000000 144.000000 112.000000 220.000000 10.000000 923.000000 658.000000 28.000000 -1.179226
142.000000 167.000000 130.000000 174.000000 11.000000 883.000000 785.000000 28.000000 0.471650
252.000000 97.000000 76.000000 194.000000 8.000000 835.000000 821.000000 28.000000 -0.186704
165.000000 0.000000 150.000000 182.000000 12.000000 1023.000000 729.000000 28.000000 -1.089370
160.000000 188.000000 146.000000 203.000000 11.000000 829.000000 710.000000 28.000000 -0.219592
298.000000 0.000000 107.000000 186.000000 6.000000 879.000000 815.000000 28.000000 0.355953
287.000000 121.000000 94.000000 188.000000 9.000000 904.000000 696.000000 28.000000 0.314843
356.000000 0.000000 142.000000 193.000000 11.000000 801.000000 778.000000 28.000000 0.252003
132.000000 207.000000 161.000000 179.000000 5.000000 867.000000 736.000000 28.000000 -0.192577
314.000000 0.000000 113.000000 170.000000 10.000000 925.000000 783.000000 28.000000 0.110466
140.000000 164.000000 128.000000 237.000000 6.000000 869.000000 656.000000 28.000000 -0.079230
160.000000 250.000000 0.000000 168.000000 12.000000 1049.000000 688.000000 28.000000 0.168607
276.000000 116.000000 90.000000 180.000000 9.000000 870.000000 768.000000 28.000000 0.452269
149.000000 139.000000 109.000000 193.000000 6.000000 892.000000 780.000000 28.000000 -0.756964
155.000000 183.000000 0.000000 193.000000 9.000000 1047.000000 697.000000 28.000000 -1.074688
153.000000 145.000000 0.000000 178.000000 8.000000 1000.000000 822.000000 28.000000 -1.031816
158.000000 0.000000 195.000000 220.000000 11.000000 898.000000 713.000000 28.000000 -1.646710
151.000000 0.000000 185.000000 167.000000 16.000000 1074.000000 678.000000 28.000000 -1.357762
273.000000 0.000000 90.000000 199.000000 11.000000 931.000000 762.000000 28.000000 -0.254830
260.000000 101.000000 78.000000 171.000000 10.000000 936.000000 763.000000 28.000000 0.774692
150.000000 237.000000 0.000000 174.000000 12.000000 1069.000000 675.000000 28.000000 0.049975
266.000000 112.000000 87.000000 178.000000 10.000000 910.000000 745.000000 28.000000 0.166845
148.000000 0.000000 182.000000 181.000000 15.000000 839.000000 884.000000 28.000000 -1.236780
155.000000 184.000000 143.000000 194.000000 9.000000 880.000000 699.000000 28.000000 -0.445699
313.000000 0.000000 0.000000 178.000000 8.000000 1000.000000 822.000000 28.000000 -0.674156
255.000000 99.000000 77.000000 189.000000 6.000000 919.000000 749.000000 28.000000 -0.163212
136.000000 196.000000 98.000000 199.000000 6.000000 847.000000 783.000000 28.000000 -0.564332
135.000000 105.000000 193.000000 196.000000 6.000000 965.000000 643.000000 28.000000 -0.861501
154.000000 174.000000 185.000000 228.000000 7.000000 845.000000 612.000000 28.000000 -0.718790
167.000000 187.000000 195.000000 185.000000 7.000000 898.000000 636.000000 28.000000 -0.745218
156.000000 178.000000 187.000000 221.000000 7.000000 854.000000 614.000000 28.000000 -0.421033
236.900000 91.700000 71.500000 246.900000 6.000000 852.900000 695.400000 28.000000 -0.466842
313.300000 145.000000 0.000000 178.500000 8.000000 867.200000 824.000000 28.000000 0.255526
153.100000 145.000000 113.000000 178.500000 8.000000 867.200000 824.000000 28.000000 -0.607792
326.500000 0.000000 137.900000 199.000000 10.800000 801.100000 792.500000 28.000000 0.120449
152.700000 144.700000 0.000000 178.100000 8.000000 999.700000 822.200000 28.000000 -1.031816
261.900000 110.500000 86.100000 195.400000 5.000000 895.200000 732.600000 28.000000 -0.167910
149.000000 117.600000 91.700000 182.900000 7.100000 953.400000 780.300000 28.000000 -0.766948
284.000000 119.700000 0.000000 168.300000 7.200000 970.400000 794.200000 28.000000 0.255526
154.800000 0.000000 142.800000 193.300000 9.100000 1047.400000 696.700000 28.000000 -1.416492
134.700000 0.000000 165.700000 180.200000 10.000000 961.000000 804.900000 28.000000 -1.367746
266.200000 112.300000 87.500000 177.900000 10.400000 909.700000 744.500000 28.000000 0.166845
314.000000 145.300000 113.200000 178.900000 8.000000 869.100000 690.200000 28.000000 0.566791
312.700000 144.700000 0.000000 127.300000 8.000000 999.700000 822.200000 28.000000 0.466364
313.300000 145.000000 0.000000 178.500000 8.000000 1001.900000 688.700000 28.000000 0.262574
155.200000 183.900000 143.200000 193.800000 9.200000 879.600000 698.500000 28.000000 -0.445699
312.700000 0.000000 0.000000 178.100000 8.000000 999.700000 822.200000 28.000000 -0.674156
136.400000 161.600000 125.800000 171.600000 10.400000 922.600000 764.400000 28.000000 -0.441001
272.800000 105.100000 81.800000 209.700000 9.000000 904.000000 679.700000 28.000000 0.034705
162.000000 190.100000 148.100000 178.800000 18.800000 838.100000 741.400000 28.000000 -0.165561
374.300000 0.000000 0.000000 190.200000 6.700000 1013.200000 730.400000 28.000000 0.145703
150.900000 0.000000 183.900000 166.600000 11.600000 991.200000 772.200000 28.000000 -1.233844
297.800000 137.200000 106.900000 201.300000 6.000000 878.400000 655.300000 28.000000 0.994926
252.100000 97.100000 75.600000 193.800000 8.300000 835.500000 821.400000 28.000000 -0.186704
164.600000 0.000000 150.400000 181.600000 11.700000 1023.300000 728.900000 28.000000 -1.089370
287.300000 120.500000 93.900000 187.600000 9.200000 904.400000 695.900000 28.000000 0.424079
355.900000 0.000000 141.600000 193.300000 11.000000 801.400000 778.400000 28.000000 0.252003
132.000000 206.500000 160.900000 178.900000 5.500000 866.900000 735.600000 28.000000 -0.191989
164.200000 0.000000 200.100000 181.200000 12.600000 849.300000 846.000000 28.000000 -1.262034
139.700000 163.900000 127.700000 236.700000 5.800000 868.600000 655.600000 28.000000 -0.079230
264.500000 111.000000 86.500000 195.500000 5.900000 832.600000 790.400000 28.000000 0.291351
276.400000 116.000000 90.300000 179.600000 8.900000 870.100000 768.300000 28.000000 0.452269
