540.000000 0.000000 0.000000 162.000000 2.500000 1055.000000 676.000000 28.000000 1.491710
332.500000 142.500000 0.000000 228.000000 0.000000 932.000000 594.000000 365.000000 0.261189
266.000000 114.000000 0.000000 228.000000 0.000000 932.000000 670.000000 90.000000 0.614285
198.600000 132.400000 0.000000 192.000000 0.000000 978.400000 825.500000 90.000000 0.085231
427.500000 47.500000 0.000000 228.000000 0.000000 932.000000 594.000000 270.000000 0.376919
190.000000 190.000000 0.000000 228.000000 0.000000 932.000000 670.000000 90.000000 0.336768
475.000000 0.000000 0.000000 228.000000 0.000000 932.000000 594.000000 180.000000 0.353891
380.000000 0.000000 0.000000 228.000000 0.000000 932.000000 670.000000 365.000000 0.938448
342.000000 38.000000 0.000000 228.000000 0.000000 932.000000 670.000000 180.000000 0.914829
427.500000 47.500000 0.000000 228.000000 0.000000 932.000000 594.000000 28.000000 0.047442
304.000000 76.000000 0.000000 228.000000 0.000000 932.000000 670.000000 365.000000 1.100234
266.000000 114.000000 0.000000 228.000000 0.000000 932.000000 670.000000 365.000000 0.961476
190.000000 190.000000 0.000000 228.000000 0.000000 932.000000 670.000000 365.000000 1.007532
332.500000 142.500000 0.000000 228.000000 0.000000 932.000000 594.000000 180.000000 0.186200
190.000000 190.000000 0.000000 228.000000 0.000000 932.000000 670.000000 180.000000 0.608380
304.000000 76.000000 0.000000 228.000000 0.000000 932.000000 670.000000 90.000000 0.741824
139.600000 209.400000 0.000000 192.000000 0.000000 1047.000000 806.900000 7.000000 -1.301172
198.600000 132.400000 0.000000 192.000000 0.000000 978.400000 825.500000 7.000000 -1.298220
198.600000 132.400000 0.000000 192.000000 0.000000 978.400000 825.500000 3.000000 -1.623564
304.000000 76.000000 0.000000 228.000000 0.000000 932.000000 670.000000 180.000000 0.845745
332.500000 142.500000 0.000000 228.000000 0.000000 932.000000 594.000000 28.000000 -0.212952
139.600000 209.400000 0.000000 192.000000 0.000000 1047.000000 806.900000 360.000000 0.476707
332.500000 142.500000 0.000000 228.000000 0.000000 932.000000 594.000000 7.000000 -0.374738
425.000000 106.300000 0.000000 153.500000 16.500000 852.100000 887.100000 3.000000 -0.190514
469.000000 117.200000 0.000000 137.800000 32.200000 852.100000 840.500000 3.000000 0.211000
375.000000 93.800000 0.000000 126.600000 23.400000 852.100000 992.600000 7.000000 0.535753
531.300000 0.000000 0.000000 141.800000 28.200000 852.100000 893.700000 7.000000 0.606609
401.800000 94.700000 0.000000 147.400000 11.400000 946.800000 852.100000 7.000000 1.031741
362.600000 189.000000 0.000000 164.900000 11.600000 944.700000 755.800000 7.000000 1.138024
379.500000 151.200000 0.000000 153.900000 15.900000 1134.300000 605.000000 7.000000 0.618418
374.000000 189.200000 0.000000 170.100000 10.100000 926.100000 756.700000 28.000000 1.444473
425.000000 106.300000 0.000000 153.500000 16.500000 852.100000 887.100000 28.000000 1.397236
469.000000 117.200000 0.000000 137.800000 32.200000 852.100000 840.500000 28.000000 1.787531
401.800000 94.700000 0.000000 147.400000 11.400000 946.800000 852.100000 28.000000 1.882005
362.600000 189.000000 0.000000 164.900000 11.600000 944.700000 755.800000 28.000000 2.047334
323.700000 282.800000 0.000000 183.800000 10.300000 942.700000 659.900000 28.000000 2.248091
379.500000 151.200000 0.000000 153.900000 15.900000 1134.300000 605.000000 28.000000 0.919553
362.600000 189.000000 0.000000 164.900000 11.600000 944.700000 755.800000 28.000000 2.047334
374.000000 189.200000 0.000000 170.100000 10.100000 926.100000 756.700000 56.000000 1.580870
475.000000 118.800000 0.000000 181.100000 8.900000 852.100000 781.500000 56.000000 2.106380
469.000000 117.200000 0.000000 137.800000 32.200000 852.100000 840.500000 56.000000 1.929242
425.000000 106.300000 0.000000 153.500000 16.500000 852.100000 887.100000 56.000000 1.634011
531.300000 0.000000 0.000000 141.800000 28.200000 852.100000 893.700000 56.000000 1.309258
323.700000 282.800000 0.000000 183.800000 10.300000 942.700000 659.900000 56.000000 2.572845
286.300000 200.900000 0.000000 144.700000 11.200000 1004.600000 803.700000 56.000000 2.147122
362.600000 189.000000 0.000000 164.900000 11.600000 944.700000 755.800000 56.000000 2.401611
337.900000 189.000000 0.000000 174.900000 9.500000 944.700000 755.800000 56.000000 1.373618
374.000000 189.200000 0.000000 170.100000 10.100000 926.100000 756.700000 91.000000 1.669439
313.300000 262.200000 0.000000 175.500000 8.600000 1046.900000 611.800000 91.000000 1.769817
425.000000 106.300000 0.000000 151.400000 18.600000 936.000000 803.700000 91.000000 1.775722
469.000000 117.200000 0.000000 137.800000 32.200000 852.100000 840.500000 91.000000 2.011907
425.000000 106.300000 0.000000 153.500000 16.500000 852.100000 887.100000 91.000000 1.687153
388.600000 97.100000 0.000000 157.900000 12.100000 852.100000 925.700000 91.000000 1.238402
362.600000 189.000000 0.000000 164.900000 11.600000 944.700000 755.800000 91.000000 2.519703
362.600000 189.000000 0.000000 164.900000 11.600000 944.700000 755.800000 91.000000 2.519703
286.300000 200.900000 0.000000 144.700000 11.200000 1004.600000 803.700000 91.000000 2.372088
362.600000 189.000000 0.000000 164.900000 11.600000 944.700000 755.800000 91.000000 2.519703
337.900000 189.000000 0.000000 174.900000 9.500000 944.700000 755.800000 91.000000 1.840673
222.400000 0.000000 96.700000 189.300000 4.500000 967.100000 870.300000 28.000000 -0.692997
222.400000 0.000000 96.700000 189.300000 4.500000 967.100000 870.300000 56.000000 -0.423746
194.700000 0.000000 100.500000 165.600000 7.500000 1006.400000 905.900000 28.000000 -0.643988
194.700000 0.000000 100.500000 165.600000 7.500000 1006.400000 905.900000 100.000000 0.042128
190.700000 0.000000 125.400000 162.100000 7.800000 1090.000000 804.000000 14.000000 -0.919143
190.700000 0.000000 125.400000 162.100000 7.800000 1090.000000 804.000000 56.000000 -0.075965
212.100000 0.000000 121.600000 180.300000 5.700000 1057.600000 779.300000 28.000000 -0.692406
212.100000 0.000000 121.600000 180.300000 5.700000 1057.600000 779.300000 100.000000 0.176162
230.000000 0.000000 118.300000 195.500000 4.600000 1029.400000 758.600000 56.000000 -0.300340
230.000000 0.000000 118.300000 195.500000 4.600000 1029.400000 758.600000 100.000000 -0.075965
166.100000 0.000000 163.300000 176.500000 4.500000 1058.600000 780.100000 3.000000 -1.527319
166.100000 0.000000 163.300000 176.500000 4.500000 1058.600000 780.100000 28.000000 -0.890801
168.000000 42.100000 163.800000 121.800000 5.700000 1058.700000 780.100000 14.000000 -1.110453
168.000000 42.100000 163.800000 121.800000 5.700000 1058.700000 780.100000 28.000000 -0.731377
213.700000 98.100000 24.500000 181.700000 6.900000 1065.800000 785.400000 56.000000 0.835117
213.800000 98.100000 24.500000 181.700000 6.700000 1066.000000 785.500000 3.000000 -1.384427
213.800000 98.100000 24.500000 181.700000 6.700000 1066.000000 785.500000 14.000000 -1.109272
229.700000 0.000000 118.200000 195.200000 6.100000 1028.100000 757.600000 3.000000 -1.373799
229.700000 0.000000 118.200000 195.200000 6.100000 1028.100000 757.600000 14.000000 -0.844745
229.700000 0.000000 118.200000 195.200000 6.100000 1028.100000 757.600000 28.000000 -0.713663
250.000000 0.000000 95.700000 187.400000 5.500000 956.900000 861.200000 3.000000 -1.346637
250.000000 0.000000 95.700000 187.400000 5.500000 956.900000 861.200000 100.000000 0.337949
212.500000 0.000000 100.400000 159.300000 8.700000 1007.800000 903.600000 14.000000 -0.609151
212.600000 0.000000 100.400000 159.400000 10.400000 1003.800000 903.800000 14.000000 -0.664655
212.000000 0.000000 124.800000 159.000000 7.800000 1085.400000 799.500000 28.000000 0.110621
251.400000 0.000000 118.300000 188.500000 6.400000 1028.400000 757.700000 28.000000 -0.234208
251.400000 0.000000 118.300000 188.500000 6.400000 1028.400000 757.700000 100.000000 0.447775
181.400000 0.000000 167.000000 169.600000 7.600000 1055.600000 777.800000 100.000000 0.516268
182.000000 45.200000 122.000000 170.200000 8.200000 1059.400000 780.700000 3.000000 -1.730437
168.900000 42.200000 124.300000 158.300000 10.800000 1080.800000 796.200000 3.000000 -1.725714
168.900000 42.200000 124.300000 158.300000 10.800000 1080.800000 796.200000 28.000000 -0.325139
290.400000 0.000000 96.200000 168.100000 9.400000 961.200000 865.000000 3.000000 -0.834117
290.400000 0.000000 96.200000 168.100000 9.400000 961.200000 865.000000 100.000000 0.728834
277.100000 0.000000 97.400000 160.600000 11.800000 973.900000 875.600000 28.000000 0.688092
277.100000 0.000000 97.400000 160.600000 11.800000 973.900000 875.600000 56.000000 0.851060
295.700000 0.000000 95.600000 171.500000 8.900000 955.100000 859.200000 3.000000 -0.807546
295.700000 0.000000 95.600000 171.500000 8.900000 955.100000 859.200000 14.000000 -0.082460
295.700000 0.000000 95.600000 171.500000 8.900000 955.100000 859.200000 28.000000 0.195648
295.700000 0.000000 95.600000 171.500000 8.900000 955.100000 859.200000 100.000000 0.910106
251.800000 0.000000 99.900000 146.100000 12.400000 1006.000000 899.800000 3.000000 -0.921505
251.800000 0.000000 99.900000 146.100000 12.400000 1006.000000 899.800000 28.000000 -0.158629
251.800000 0.000000 99.900000 146.100000 12.400000 1006.000000 899.800000 100.000000 0.516268
249.100000 0.000000 98.800000 158.100000 12.800000 987.800000 889.000000 14.000000 -0.469212
249.100000 0.000000 98.800000 158.100000 12.800000 987.800000 889.000000 28.000000 -0.341082
249.100000 0.000000 98.800000 158.100000 12.800000 987.800000 889.000000 100.000000 0.852241
252.300000 0.000000 98.800000 146.300000 14.200000 987.800000 889.000000 28.000000 0.825079
252.300000 0.000000 98.800000 146.300000 14.200000 987.800000 889.000000 100.000000 1.436207
246.800000 0.000000 125.100000 143.300000 12.000000 1086.800000 800.900000 14.000000 0.330273
246.800000 0.000000 125.100000 143.300000 12.000000 1086.800000 800.900000 28.000000 0.937267
275.100000 0.000000 121.400000 159.500000 9.900000 1053.600000 777.500000 56.000000 1.194118
213.700000 0.000000 174.700000 154.800000 10.200000 1053.500000 776.400000 3.000000 -1.125214
213.700000 0.000000 174.700000 154.800000 10.200000 1053.500000 776.400000 100.000000 0.794375
213.500000 0.000000 174.200000 154.600000 11.700000 1052.300000 775.500000 56.000000 0.874088
213.500000 0.000000 174.200000 154.600000 11.700000 1052.300000 775.500000 100.000000 1.338781
277.200000 97.800000 24.500000 160.700000 11.200000 1061.700000 782.500000 100.000000 1.790484
218.200000 54.600000 123.800000 140.800000 11.900000 1075.700000 792.700000 3.000000 -0.543610
218.200000 54.600000 123.800000 140.800000 11.900000 1075.700000 792.700000 14.000000 -0.039356
218.200000 54.600000 123.800000 140.800000 11.900000 1075.700000 792.700000 28.000000 1.114996
218.200000 54.600000 123.800000 140.800000 11.900000 1075.700000 792.700000 100.000000 1.588546
214.900000 53.800000 121.900000 155.600000 9.600000 1014.300000 780.600000 3.000000 -1.098644
214.900000 53.800000 121.900000 155.600000 9.600000 1014.300000 780.600000 56.000000 1.023474
218.900000 0.000000 124.100000 158.500000 11.300000 1078.700000 794.900000 3.000000 -1.256887
218.900000 0.000000 124.100000 158.500000 11.300000 1078.700000 794.900000 100.000000 0.567048
376.000000 0.000000 0.000000 214.600000 0.000000 1003.500000 762.400000 28.000000 -0.274950
376.000000 0.000000 0.000000 214.600000 0.000000 1003.500000 762.400000 100.000000 0.379871
505.000000 0.000000 60.000000 195.000000 0.000000 1030.000000 630.000000 28.000000 1.617478
451.000000 0.000000 0.000000 165.000000 11.300000 1030.000000 745.000000 28.000000 2.490180
516.000000 0.000000 0.000000 162.000000 8.200000 801.000000 802.000000 28.000000 0.280084
520.000000 0.000000 0.000000 170.000000 5.200000 855.000000 855.000000 28.000000 1.396646
450.100000 50.000000 0.000000 200.000000 3.000000 1124.400000 613.200000 28.000000 0.162582
397.000000 17.200000 158.000000 167.000000 20.800000 967.000000 633.000000 28.000000 1.123262
334.000000 17.600000 158.000000 189.000000 15.300000 967.000000 633.000000 28.000000 0.454860
405.000000 0.000000 0.000000 175.000000 0.000000 1120.000000 695.000000 28.000000 0.925458
516.000000 0.000000 0.000000 162.000000 8.300000 801.000000 802.000000 28.000000 0.280084
145.000000 116.000000 119.000000 184.000000 5.700000 833.000000 880.000000 28.000000 -0.440870
234.000000 156.000000 0.000000 189.000000 5.900000 981.000000 760.000000 28.000000 0.157858
475.000000 0.000000 0.000000 162.000000 9.500000 1044.000000 662.000000 28.000000 1.292725
178.000000 129.800000 118.600000 179.900000 3.600000 1007.300000 746.800000 3.000000 -0.938629
172.400000 13.600000 172.400000 156.800000 4.100000 1006.300000 856.400000 3.000000 -0.905563
167.000000 75.400000 167.000000 164.000000 7.900000 1007.300000 770.100000 3.000000 -1.246259
165.000000 128.500000 132.100000 175.100000 8.100000 1005.800000 746.600000 14.000000 -0.208818
173.800000 93.400000 159.900000 172.300000 9.700000 1007.200000 746.600000 14.000000 -0.417842
190.300000 0.000000 125.200000 166.600000 9.900000 1079.000000 798.900000 14.000000 -1.015979
250.000000 0.000000 95.700000 191.800000 5.300000 948.900000 857.200000 14.000000 -0.706577
213.500000 0.000000 174.200000 159.200000 11.700000 1043.600000 771.900000 14.000000 -0.415480
194.700000 0.000000 100.500000 170.200000 7.500000 998.000000 901.800000 14.000000 -0.729015
178.000000 129.800000 118.600000 179.900000 3.600000 1007.300000 746.800000 28.000000 0.149592
173.800000 93.400000 159.900000 172.300000 9.700000 1007.200000 746.600000 28.000000 0.069879
165.000000 0.000000 143.600000 163.800000 0.000000 1005.600000 900.900000 56.000000 -0.003928
167.400000 129.900000 128.600000 175.500000 7.800000 1006.300000 746.600000 56.000000 0.891211
172.400000 13.600000 172.400000 156.800000 4.100000 1006.300000 856.400000 56.000000 -0.045851
167.000000 75.400000 167.000000 164.000000 7.900000 1007.300000 770.100000 56.000000 0.993951
250.000000 0.000000 95.700000 191.800000 5.300000 948.900000 857.200000 56.000000 0.177934
213.500000 0.000000 174.200000 159.200000 11.700000 1043.600000 771.900000 56.000000 0.864050
165.000000 0.000000 143.600000 163.800000 0.000000 1005.600000 900.900000 100.000000 0.078736
167.400000 129.900000 128.600000 175.500000 7.800000 1006.300000 746.600000 100.000000 1.005761
172.400000 13.600000 172.400000 156.800000 4.100000 1006.300000 856.400000 100.000000 0.062203
190.300000 0.000000 125.200000 166.600000 9.900000 1079.000000 798.900000 100.000000 -0.181067
194.700000 0.000000 100.500000 170.200000 7.500000 998.000000 901.800000 100.000000 0.451908
446.000000 24.000000 79.000000 162.000000 11.600000 967.000000 712.000000 28.000000 0.460174
446.000000 24.000000 79.000000 162.000000 10.300000 967.000000 712.000000 28.000000 0.989818
446.000000 24.000000 79.000000 162.000000 11.600000 967.000000 712.000000 7.000000 0.908334
446.000000 24.000000 79.000000 162.000000 11.600000 967.000000 712.000000 56.000000 1.443292
446.000000 24.000000 79.000000 162.000000 11.600000 967.000000 712.000000 56.000000 1.099644
387.000000 20.000000 94.000000 157.000000 14.300000 938.000000 845.000000 3.000000 -0.819355
387.000000 20.000000 94.000000 157.000000 11.600000 938.000000 845.000000 3.000000 -0.109621
387.000000 20.000000 94.000000 157.000000 13.900000 938.000000 845.000000 7.000000 0.547563
387.000000 20.000000 94.000000 157.000000 13.900000 938.000000 845.000000 56.000000 0.669788
355.000000 19.000000 97.000000 145.000000 13.100000 967.000000 871.000000 28.000000 0.437146
355.000000 19.000000 97.000000 145.000000 12.300000 967.000000 871.000000 28.000000 1.111453
491.000000 26.000000 123.000000 210.000000 3.900000 882.000000 699.000000 3.000000 -0.650484
491.000000 26.000000 123.000000 210.000000 3.900000 882.000000 699.000000 7.000000 -0.185200
491.000000 26.000000 123.000000 201.000000 3.900000 822.000000 699.000000 3.000000 -0.417842
491.000000 26.000000 123.000000 201.000000 3.900000 822.000000 699.000000 7.000000 0.076374
424.000000 22.000000 132.000000 168.000000 8.900000 822.000000 750.000000 28.000000 2.094571
424.000000 22.000000 132.000000 178.000000 8.500000 822.000000 750.000000 7.000000 0.140144
424.000000 22.000000 132.000000 178.000000 8.500000 822.000000 750.000000 56.000000 1.716676
202.000000 11.000000 141.000000 206.000000 1.700000 942.000000 801.000000 28.000000 -0.865411
202.000000 11.000000 141.000000 206.000000 1.700000 942.000000 801.000000 3.000000 -1.581051
359.000000 19.000000 141.000000 154.000000 10.900000 942.000000 801.000000 56.000000 1.780446
289.000000 0.000000 0.000000 192.000000 0.000000 913.200000 895.300000 3.000000 -1.474768
480.000000 0.000000 0.000000 192.000000 0.000000 936.200000 712.200000 28.000000 0.431832
255.000000 0.000000 0.000000 192.000000 0.000000 889.800000 945.000000 90.000000 -0.871907
289.000000 0.000000 0.000000 192.000000 0.000000 913.200000 895.300000 7.000000 -1.300581
289.000000 0.000000 0.000000 192.000000 0.000000 913.200000 895.300000 28.000000 -0.652845
393.000000 0.000000 0.000000 192.000000 0.000000 940.600000 785.600000 7.000000 -0.524715
158.800000 238.200000 0.000000 185.700000 0.000000 1040.600000 734.300000 7.000000 -1.594631
272.800000 181.900000 0.000000 185.700000 0.000000 1012.400000 714.300000 7.000000 -0.995313
220.800000 147.200000 0.000000 185.700000 0.000000 1055.000000 744.300000 28.000000 -0.642217
382.500000 0.000000 0.000000 185.700000 0.000000 1047.800000 739.300000 7.000000 -0.741415
295.800000 0.000000 0.000000 185.700000 0.000000 1091.400000 769.300000 7.000000 -1.286410
255.500000 170.300000 0.000000 185.700000 0.000000 1026.600000 724.300000 28.000000 -0.270226
203.500000 135.700000 0.000000 185.700000 0.000000 1076.200000 759.300000 7.000000 -1.456463
295.800000 0.000000 0.000000 185.700000 0.000000 1091.400000 769.300000 28.000000 -0.673512
228.000000 342.100000 0.000000 185.700000 0.000000 955.800000 674.300000 28.000000 0.181476
290.200000 193.500000 0.000000 185.700000 0.000000 998.200000 704.300000 7.000000 -0.871907
181.900000 272.800000 0.000000 185.700000 0.000000 1012.400000 714.300000 7.000000 -1.432254
252.500000 0.000000 0.000000 185.700000 0.000000 1111.600000 784.300000 28.000000 -0.995313
382.500000 0.000000 0.000000 185.700000 0.000000 1047.800000 739.300000 28.000000 0.048032
316.100000 210.700000 0.000000 185.700000 0.000000 977.000000 689.300000 7.000000 -0.719568
339.000000 0.000000 0.000000 197.000000 0.000000 968.000000 781.000000 28.000000 -0.270817
339.000000 0.000000 0.000000 197.000000 0.000000 968.000000 781.000000 90.000000 -0.086003
236.000000 0.000000 0.000000 194.000000 0.000000 968.000000 885.000000 14.000000 -1.404503
236.000000 0.000000 0.000000 194.000000 0.000000 968.000000 885.000000 90.000000 -0.866592
236.000000 0.000000 0.000000 193.000000 0.000000 968.000000 885.000000 180.000000 -0.739643
277.000000 0.000000 0.000000 191.000000 0.000000 968.000000 856.000000 28.000000 -0.629227
277.000000 0.000000 0.000000 191.000000 0.000000 968.000000 856.000000 360.000000 -0.172800
254.000000 0.000000 0.000000 198.000000 0.000000 968.000000 863.000000 3.000000 -1.612936
307.000000 0.000000 0.000000 193.000000 0.000000 968.000000 812.000000 28.000000 -0.537115
307.000000 0.000000 0.000000 193.000000 0.000000 968.000000 812.000000 90.000000 -0.218856
236.000000 0.000000 0.000000 193.000000 0.000000 968.000000 885.000000 7.000000 -1.572784
325.000000 0.000000 0.000000 184.000000 0.000000 1063.000000 783.000000 7.000000 -1.126986
325.000000 0.000000 0.000000 184.000000 0.000000 1063.000000 783.000000 28.000000 -0.357615
300.000000 0.000000 0.000000 184.000000 0.000000 1075.000000 795.000000 28.000000 -0.577266
400.000000 0.000000 0.000000 187.000000 0.000000 1025.000000 745.000000 28.000000 0.417661
400.000000 0.000000 0.000000 187.000000 0.000000 1025.000000 745.000000 7.000000 -0.383005
350.000000 0.000000 0.000000 186.000000 0.000000 1050.000000 770.000000 7.000000 -0.965199
350.000000 0.000000 0.000000 186.000000 0.000000 1050.000000 770.000000 28.000000 -0.137963
157.000000 236.000000 0.000000 192.000000 0.000000 935.400000 781.200000 90.000000 0.398766
166.800000 250.200000 0.000000 203.500000 0.000000 975.600000 692.600000 3.000000 -1.755237
122.600000 183.900000 0.000000 203.500000 0.000000 958.200000 800.100000 90.000000 -0.202914
108.300000 162.400000 0.000000 203.500000 0.000000 938.200000 849.000000 90.000000 -0.436737
116.000000 173.000000 0.000000 192.000000 0.000000 909.800000 891.900000 90.000000 -0.331044
133.000000 200.000000 0.000000 192.000000 0.000000 927.400000 839.200000 28.000000 -0.517039
192.000000 288.000000 0.000000 192.000000 0.000000 929.800000 716.100000 3.000000 -1.407455
173.000000 116.000000 0.000000 192.000000 0.000000 946.800000 856.800000 3.000000 -1.752875
236.000000 157.000000 0.000000 192.000000 0.000000 972.600000 749.100000 3.000000 -1.361399
166.800000 250.200000 0.000000 203.500000 0.000000 975.600000 692.600000 7.000000 -1.232678
212.000000 141.300000 0.000000 203.500000 0.000000 973.400000 750.000000 28.000000 -0.214133
173.000000 116.000000 0.000000 192.000000 0.000000 946.800000 856.800000 28.000000 -0.729015
183.900000 122.600000 0.000000 203.500000 0.000000 959.200000 800.000000 28.000000 -0.742596
133.000000 200.000000 0.000000 192.000000 0.000000 927.400000 839.200000 90.000000 -0.002157
305.300000 203.500000 0.000000 203.500000 0.000000 965.400000 631.000000 3.000000 -1.327743
108.300000 162.400000 0.000000 203.500000 0.000000 938.200000 849.000000 7.000000 -1.706819
288.000000 192.000000 0.000000 192.000000 0.000000 932.000000 717.800000 90.000000 0.820946
305.300000 203.500000 0.000000 203.500000 0.000000 965.400000 631.000000 90.000000 1.061264
192.000000 288.000000 0.000000 192.000000 0.000000 929.800000 716.100000 7.000000 -0.894344
157.000000 236.000000 0.000000 192.000000 0.000000 935.400000 781.200000 3.000000 -1.590498
141.300000 212.000000 0.000000 203.500000 0.000000 971.800000 748.500000 90.000000 0.179115
122.600000 183.900000 0.000000 203.500000 0.000000 958.200000 800.100000 7.000000 -1.551528
349.000000 0.000000 0.000000 192.000000 0.000000 1056.000000 809.000000 3.000000 -1.225593
349.000000 0.000000 0.000000 192.000000 0.000000 1056.000000 809.000000 7.000000 -1.630649
349.000000 0.000000 0.000000 192.000000 0.000000 1056.000000 809.000000 28.000000 -0.178114
349.000000 0.000000 0.000000 192.000000 0.000000 1056.000000 809.000000 120.000000 0.249970
238.000000 0.000000 0.000000 186.000000 0.000000 1119.000000 789.000000 28.000000 -1.126986
297.000000 0.000000 0.000000 186.000000 0.000000 1040.000000 734.000000 7.000000 -0.334587
397.000000 0.000000 0.000000 186.000000 0.000000 1040.000000 734.000000 28.000000 0.018509
500.000000 0.000000 0.000000 200.000000 0.000000 1125.000000 613.000000 7.000000 -0.201733
500.000000 0.000000 0.000000 200.000000 0.000000 1125.000000 613.000000 14.000000 0.018509
540.000000 0.000000 0.000000 173.000000 0.000000 1125.000000 613.000000 7.000000 0.943762
350.000000 0.000000 0.000000 203.000000 0.000000 974.000000 775.000000 28.000000 -0.548334
350.000000 0.000000 0.000000 203.000000 0.000000 974.000000 775.000000 180.000000 -0.230666
385.000000 0.000000 0.000000 186.000000 0.000000 966.000000 763.000000 7.000000 -0.791604
385.000000 0.000000 0.000000 186.000000 0.000000 966.000000 763.000000 28.000000 -0.311559
331.000000 0.000000 0.000000 192.000000 0.000000 879.000000 825.000000 3.000000 -1.364351
349.000000 0.000000 0.000000 192.000000 0.000000 1047.000000 806.000000 28.000000 -0.230666
349.000000 0.000000 0.000000 192.000000 0.000000 1047.000000 806.000000 180.000000 0.261189
500.000000 0.000000 0.000000 200.000000 0.000000 1125.000000 613.000000 180.000000 0.851060
540.000000 0.000000 0.000000 173.000000 0.000000 1125.000000 613.000000 3.000000 0.296026
339.000000 0.000000 0.000000 185.000000 0.000000 1060.000000 754.000000 28.000000 -0.293845
393.000000 0.000000 0.000000 192.000000 0.000000 940.000000 758.000000 3.000000 -1.034283
310.000000 0.000000 0.000000 192.000000 0.000000 970.000000 850.000000 7.000000 -1.277553
525.000000 0.000000 0.000000 189.000000 0.000000 1125.000000 613.000000 7.000000 0.342082
525.000000 0.000000 0.000000 189.000000 0.000000 1125.000000 613.000000 14.000000 0.695178
525.000000 0.000000 0.000000 189.000000 0.000000 1125.000000 613.000000 270.000000 1.799931
322.000000 0.000000 0.000000 203.000000 0.000000 974.000000 800.000000 14.000000 -0.936267
302.000000 0.000000 0.000000 203.000000 0.000000 974.000000 817.000000 28.000000 -0.878402
397.000000 0.000000 0.000000 185.000000 0.000000 1040.000000 734.000000 28.000000 0.145458
147.000000 115.000000 89.000000 202.000000 9.000000 860.000000 829.000000 28.000000 -0.982323
152.000000 178.000000 139.000000 168.000000 18.000000 944.000000 695.000000 28.000000 -0.016328
304.000000 140.000000 0.000000 214.000000 6.000000 895.000000 722.000000 28.000000 -0.189333
153.000000 239.000000 0.000000 200.000000 6.000000 1002.000000 684.000000 28.000000 -0.576676
142.000000 167.000000 130.000000 174.000000 11.000000 883.000000 785.000000 28.000000 0.471393
366.000000 187.000000 0.000000 191.000000 7.000000 824.000000 757.000000 28.000000 1.729076
298.000000 0.000000 107.000000 186.000000 6.000000 879.000000 815.000000 28.000000 0.355072
287.000000 121.000000 94.000000 188.000000 9.000000 904.000000 696.000000 28.000000 0.313740
326.000000 166.000000 0.000000 174.000000 9.000000 882.000000 790.000000 28.000000 1.452740
356.000000 0.000000 142.000000 193.000000 11.000000 801.000000 778.000000 28.000000 0.250560
132.000000 207.000000 161.000000 179.000000 5.000000 867.000000 736.000000 28.000000 -0.196419
140.000000 164.000000 128.000000 237.000000 6.000000 869.000000 656.000000 28.000000 -0.082460
160.000000 250.000000 0.000000 168.000000 12.000000 1049.000000 688.000000 28.000000 0.166715
322.000000 0.000000 116.000000 196.000000 10.000000 818.000000 813.000000 28.000000 -0.321597
313.000000 0.000000 113.000000 178.000000 8.000000 1002.000000 689.000000 28.000000 0.010243
149.000000 236.000000 0.000000 176.000000 13.000000 847.000000 893.000000 28.000000 -0.216494
300.000000 0.000000 120.000000 212.000000 10.000000 878.000000 728.000000 28.000000 -0.754995
148.000000 0.000000 137.000000 158.000000 16.000000 1002.000000 830.000000 28.000000 -1.102777
153.000000 145.000000 0.000000 178.000000 8.000000 1000.000000 822.000000 28.000000 -1.040188
151.000000 0.000000 185.000000 167.000000 16.000000 1074.000000 678.000000 28.000000 -1.367894
273.000000 0.000000 90.000000 199.000000 11.000000 931.000000 762.000000 28.000000 -0.259008
149.000000 118.000000 92.000000 183.000000 7.000000 953.000000 780.000000 28.000000 -0.773890
143.000000 169.000000 143.000000 191.000000 8.000000 967.000000 643.000000 28.000000 -0.407804
260.000000 101.000000 78.000000 171.000000 10.000000 936.000000 763.000000 28.000000 0.776071
336.000000 0.000000 0.000000 182.000000 3.000000 986.000000 817.000000 28.000000 0.486155
145.000000 0.000000 134.000000 181.000000 11.000000 979.000000 812.000000 28.000000 -1.383246
144.000000 170.000000 133.000000 192.000000 8.000000 814.000000 805.000000 28.000000 -0.398947
331.000000 170.000000 0.000000 195.000000 8.000000 811.000000 802.000000 28.000000 1.179947
155.000000 0.000000 143.000000 193.000000 9.000000 1047.000000 697.000000 28.000000 -1.426940
266.000000 112.000000 87.000000 178.000000 10.000000 910.000000 745.000000 28.000000 0.164944
146.000000 173.000000 0.000000 182.000000 3.000000 986.000000 817.000000 28.000000 -0.760900
144.000000 136.000000 106.000000 178.000000 7.000000 941.000000 774.000000 28.000000 -0.619189
148.000000 0.000000 182.000000 181.000000 15.000000 839.000000 884.000000 28.000000 -1.246259
313.000000 145.000000 0.000000 178.000000 8.000000 1002.000000 689.000000 28.000000 0.261189
155.000000 184.000000 143.000000 194.000000 9.000000 880.000000 699.000000 28.000000 -0.450908
289.000000 134.000000 0.000000 195.000000 6.000000 924.000000 760.000000 28.000000 0.567638
313.000000 0.000000 0.000000 178.000000 8.000000 1000.000000 822.000000 28.000000 -0.680597
135.000000 105.000000 193.000000 196.000000 6.000000 965.000000 643.000000 28.000000 -0.868954
144.000000 15.000000 195.000000 176.000000 6.000000 1021.000000 709.000000 28.000000 -1.256887
154.000000 174.000000 185.000000 228.000000 7.000000 845.000000 612.000000 28.000000 -0.725472
167.000000 187.000000 195.000000 185.000000 7.000000 898.000000 636.000000 28.000000 -0.752043
236.900000 91.700000 71.500000 246.900000 6.000000 852.900000 695.400000 28.000000 -0.472164
145.900000 230.500000 0.000000 202.500000 3.400000 827.000000 871.800000 28.000000 -0.230666
149.500000 236.000000 0.000000 175.800000 12.600000 846.800000 892.700000 28.000000 -0.216494
152.700000 144.700000 0.000000 178.100000 8.000000 999.700000 822.200000 28.000000 -1.040188
150.700000 0.000000 185.300000 166.700000 15.600000 1074.500000 678.000000 28.000000 -1.367894
272.600000 0.000000 89.600000 198.700000 10.600000 931.300000 762.200000 28.000000 -0.258417
149.000000 117.600000 91.700000 182.900000 7.100000 953.400000 780.300000 28.000000 -0.773890
143.000000 169.400000 142.700000 190.700000 8.400000 967.400000 643.500000 28.000000 -0.407213
144.800000 0.000000 133.600000 180.800000 11.100000 979.500000 811.500000 28.000000 -1.383246
150.000000 236.800000 0.000000 173.800000 11.900000 1069.300000 674.800000 28.000000 0.047442
143.700000 170.200000 132.600000 191.600000 8.500000 814.100000 805.300000 28.000000 -0.398947
154.800000 0.000000 142.800000 193.300000 9.100000 1047.400000 696.700000 28.000000 -1.426940
154.800000 183.400000 0.000000 193.300000 9.100000 877.200000 867.700000 28.000000 -0.757947
134.700000 0.000000 165.700000 180.200000 10.000000 961.000000 804.900000 28.000000 -1.377932
145.700000 172.600000 0.000000 181.900000 3.400000 985.800000 816.800000 28.000000 -0.760900
277.000000 116.800000 91.000000 190.600000 7.000000 946.500000 665.600000 28.000000 0.410575
313.300000 145.000000 0.000000 178.500000 8.000000 1001.900000 688.700000 28.000000 0.261189
155.200000 183.900000 143.200000 193.800000 9.200000 879.600000 698.500000 28.000000 -0.450908
255.300000 98.800000 77.000000 188.600000 6.500000 919.000000 749.300000 28.000000 -0.166896
162.000000 190.100000 148.100000 178.800000 18.800000 838.100000 741.400000 28.000000 -0.169258
153.600000 144.200000 112.300000 220.100000 10.100000 923.200000 657.900000 28.000000 -1.188394
146.500000 114.600000 89.300000 201.900000 8.800000 860.000000 829.500000 28.000000 -0.982323
374.300000 0.000000 0.000000 190.200000 6.700000 1013.200000 730.400000 28.000000 0.143687
152.600000 238.700000 0.000000 200.000000 6.300000 1001.800000 683.900000 28.000000 -0.576676
310.000000 142.800000 0.000000 167.900000 10.000000 914.300000 804.000000 28.000000 0.512135
304.800000 0.000000 99.600000 196.000000 9.800000 959.400000 705.200000 28.000000 -0.384185
321.300000 164.200000 0.000000 190.500000 4.600000 870.000000 774.000000 28.000000 1.215965
252.100000 97.100000 75.600000 193.800000 8.300000 835.500000 821.400000 28.000000 -0.190514
164.600000 0.000000 150.400000 181.600000 11.700000 1023.300000 728.900000 28.000000 -1.098053
355.900000 0.000000 141.600000 193.300000 11.000000 801.400000 778.400000 28.000000 0.250560
321.400000 0.000000 127.900000 182.500000 11.500000 870.100000 779.700000 28.000000 0.037994
139.700000 163.900000 127.700000 236.700000 5.800000 868.600000 655.600000 28.000000 -0.082460
288.400000 121.000000 0.000000 177.400000 7.000000 907.900000 829.500000 28.000000 0.325549
298.200000 0.000000 107.000000 209.700000 11.100000 879.600000 744.200000 28.000000 -0.280264
276.400000 116.000000 90.300000 179.600000 8.900000 870.100000 768.300000 28.000000 0.451908
260.900000 100.500000 78.300000 200.600000 8.600000 864.500000 761.500000 28.000000 -0.249560
