332.500000 142.500000 0.000000 228.000000 0.000000 932.000000 594.000000 365.000000 0.308181
475.000000 0.000000 0.000000 228.000000 0.000000 932.000000 594.000000 28.000000 0.203639
198.600000 132.400000 0.000000 192.000000 0.000000 978.400000 825.500000 90.000000 0.131172
190.000000 190.000000 0.000000 228.000000 0.000000 932.000000 670.000000 90.000000 0.384212
139.600000 209.400000 0.000000 192.000000 0.000000 1047.000000 806.900000 90.000000 0.207797
475.000000 0.000000 0.000000 228.000000 0.000000 932.000000 594.000000 180.000000 0.401438
380.000000 0.000000 0.000000 228.000000 0.000000 932.000000 670.000000 365.000000 0.989490
380.000000 0.000000 0.000000 228.000000 0.000000 932.000000 670.000000 270.000000 1.035821
380.000000 95.000000 0.000000 228.000000 0.000000 932.000000 594.000000 270.000000 0.314121
266.000000 114.000000 0.000000 228.000000 0.000000 932.000000 670.000000 365.000000 1.012656
190.000000 190.000000 0.000000 228.000000 0.000000 932.000000 670.000000 365.000000 1.058987
237.500000 237.500000 0.000000 228.000000 0.000000 932.000000 594.000000 180.000000 0.023065
380.000000 0.000000 0.000000 228.000000 0.000000 932.000000 670.000000 180.000000 1.023942
427.500000 47.500000 0.000000 228.000000 0.000000 932.000000 594.000000 90.000000 0.337287
237.500000 237.500000 0.000000 228.000000 0.000000 932.000000 594.000000 7.000000 -0.570333
380.000000 95.000000 0.000000 228.000000 0.000000 932.000000 594.000000 7.000000 -0.180674
332.500000 142.500000 0.000000 228.000000 0.000000 932.000000 594.000000 180.000000 0.232744
304.000000 76.000000 0.000000 228.000000 0.000000 932.000000 670.000000 90.000000 0.791691
198.600000 132.400000 0.000000 192.000000 0.000000 978.400000 825.500000 7.000000 -1.260551
475.000000 0.000000 0.000000 228.000000 0.000000 932.000000 594.000000 365.000000 0.360453
310.000000 0.000000 0.000000 192.000000 0.000000 971.000000 850.600000 3.000000 -1.543885
332.500000 142.500000 0.000000 228.000000 0.000000 932.000000 594.000000 7.000000 -0.331548
425.000000 106.300000 0.000000 153.500000 16.500000 852.100000 887.100000 3.000000 -0.146222
375.000000 93.800000 0.000000 126.600000 23.400000 852.100000 992.600000 3.000000 -0.407579
425.000000 106.300000 0.000000 153.500000 16.500000 852.100000 887.100000 7.000000 0.792285
531.300000 0.000000 0.000000 141.800000 28.200000 852.100000 893.700000 7.000000 0.655667
323.700000 282.800000 0.000000 183.800000 10.300000 942.700000 659.900000 7.000000 0.827924
379.500000 151.200000 0.000000 153.900000 15.900000 1134.300000 605.000000 7.000000 0.667546
439.000000 177.000000 0.000000 186.000000 11.100000 884.900000 707.900000 7.000000 1.202139
374.000000 189.200000 0.000000 170.100000 10.100000 926.100000 756.700000 28.000000 1.498541
425.000000 106.300000 0.000000 153.500000 16.500000 852.100000 887.100000 28.000000 1.451022
425.000000 106.300000 0.000000 153.500000 16.500000 852.100000 887.100000 28.000000 1.451022
531.300000 0.000000 0.000000 141.800000 28.200000 852.100000 893.700000 28.000000 1.219959
362.600000 189.000000 0.000000 164.900000 11.600000 944.700000 755.800000 28.000000 2.105007
286.300000 200.900000 0.000000 144.700000 11.200000 1004.600000 803.700000 28.000000 1.891170
362.600000 189.000000 0.000000 164.900000 11.600000 944.700000 755.800000 28.000000 2.105007
439.000000 177.000000 0.000000 186.000000 11.100000 884.900000 707.900000 28.000000 1.790191
374.000000 189.200000 0.000000 170.100000 10.100000 926.100000 756.700000 56.000000 1.635753
313.300000 262.200000 0.000000 175.500000 8.600000 1046.900000 611.800000 56.000000 1.724852
475.000000 118.800000 0.000000 181.100000 8.900000 852.100000 781.500000 56.000000 2.164406
425.000000 106.300000 0.000000 153.500000 16.500000 852.100000 887.100000 56.000000 1.689212
401.800000 94.700000 0.000000 147.400000 11.400000 946.800000 852.100000 56.000000 2.247565
362.600000 189.000000 0.000000 164.900000 11.600000 944.700000 755.800000 56.000000 2.461402
323.700000 282.800000 0.000000 183.800000 10.300000 942.700000 659.900000 56.000000 2.633660
362.600000 189.000000 0.000000 164.900000 11.600000 944.700000 755.800000 56.000000 2.461402
362.600000 189.000000 0.000000 164.900000 11.600000 944.700000 755.800000 56.000000 2.461402
469.000000 117.200000 0.000000 137.800000 32.200000 852.100000 840.500000 91.000000 2.069367
425.000000 106.300000 0.000000 153.500000 16.500000 852.100000 887.100000 91.000000 1.742672
388.600000 97.100000 0.000000 157.900000 12.100000 852.100000 925.700000 91.000000 1.291238
531.300000 0.000000 0.000000 141.800000 28.200000 852.100000 893.700000 91.000000 1.386277
362.600000 189.000000 0.000000 164.900000 11.600000 944.700000 755.800000 91.000000 2.580200
362.600000 189.000000 0.000000 164.900000 11.600000 944.700000 755.800000 91.000000 2.580200
439.000000 177.000000 0.000000 186.000000 11.100000 884.900000 707.900000 91.000000 2.223805
337.900000 189.000000 0.000000 174.900000 9.500000 944.700000 755.800000 91.000000 1.897110
222.400000 0.000000 96.700000 189.300000 4.500000 967.100000 870.300000 14.000000 -0.677845
222.400000 0.000000 96.700000 189.300000 4.500000 967.100000 870.300000 28.000000 -0.651710
233.800000 0.000000 94.600000 197.900000 4.600000 947.000000 852.200000 3.000000 -1.513592
233.800000 0.000000 94.600000 197.900000 4.600000 947.000000 852.200000 56.000000 -0.487174
194.700000 0.000000 100.500000 165.600000 7.500000 1006.400000 905.900000 28.000000 -0.602408
190.700000 0.000000 125.400000 162.100000 7.800000 1090.000000 804.000000 56.000000 -0.030988
212.100000 0.000000 121.600000 180.300000 5.700000 1057.600000 779.300000 3.000000 -1.389447
212.100000 0.000000 121.600000 180.300000 5.700000 1057.600000 779.300000 100.000000 0.222647
230.000000 0.000000 118.300000 195.500000 4.600000 1029.400000 758.600000 3.000000 -1.534381
230.000000 0.000000 118.300000 195.500000 4.600000 1029.400000 758.600000 56.000000 -0.256705
190.300000 0.000000 125.200000 161.900000 9.900000 1088.100000 802.600000 3.000000 -1.568833
190.300000 0.000000 125.200000 161.900000 9.900000 1088.100000 802.600000 28.000000 -0.439060
190.300000 0.000000 125.200000 161.900000 9.900000 1088.100000 802.600000 56.000000 0.160277
190.300000 0.000000 125.200000 161.900000 9.900000 1088.100000 802.600000 100.000000 0.268978
168.000000 42.100000 163.800000 121.800000 5.700000 1058.700000 780.100000 3.000000 -1.669812
168.000000 42.100000 163.800000 121.800000 5.700000 1058.700000 780.100000 14.000000 -1.071662
213.800000 98.100000 24.500000 181.700000 6.700000 1066.000000 785.500000 100.000000 0.838022
229.700000 0.000000 118.200000 195.200000 6.100000 1028.100000 757.600000 28.000000 -0.672499
229.700000 0.000000 118.200000 195.200000 6.100000 1028.100000 757.600000 56.000000 -0.267991
238.100000 0.000000 94.100000 186.700000 7.000000 949.900000 847.000000 3.000000 -0.946330
250.000000 0.000000 95.700000 187.400000 5.500000 956.900000 861.200000 28.000000 -0.394511
250.000000 0.000000 95.700000 187.400000 5.500000 956.900000 861.200000 100.000000 0.385400
212.500000 0.000000 100.400000 159.300000 8.700000 1007.800000 903.600000 14.000000 -0.567363
212.500000 0.000000 100.400000 159.300000 8.700000 1007.800000 903.600000 56.000000 0.397280
212.600000 0.000000 100.400000 159.400000 10.400000 1003.800000 903.800000 3.000000 -1.338364
212.600000 0.000000 100.400000 159.400000 10.400000 1003.800000 903.800000 14.000000 -0.623198
212.600000 0.000000 100.400000 159.400000 10.400000 1003.800000 903.800000 28.000000 0.091374
212.000000 0.000000 124.800000 159.000000 7.800000 1085.400000 799.500000 3.000000 -0.970683
212.000000 0.000000 124.800000 159.000000 7.800000 1085.400000 799.500000 14.000000 -0.267991
231.800000 0.000000 121.600000 174.000000 6.700000 1056.400000 778.500000 14.000000 -0.540039
231.800000 0.000000 121.600000 174.000000 6.700000 1056.400000 778.500000 100.000000 0.592703
251.400000 0.000000 118.300000 188.500000 5.800000 1028.400000 757.700000 3.000000 -1.107301
251.400000 0.000000 118.300000 188.500000 5.800000 1028.400000 757.700000 14.000000 -0.352338
251.400000 0.000000 118.300000 188.500000 6.400000 1028.400000 757.700000 14.000000 -0.679033
181.400000 0.000000 167.000000 169.600000 7.600000 1055.600000 777.800000 3.000000 -1.321138
181.400000 0.000000 167.000000 169.600000 7.600000 1055.600000 777.800000 28.000000 -0.480640
181.400000 0.000000 167.000000 169.600000 7.600000 1055.600000 777.800000 100.000000 0.564786
182.000000 45.200000 122.000000 170.200000 8.200000 1059.400000 780.700000 14.000000 -0.853073
168.900000 42.200000 124.300000 158.300000 10.800000 1080.800000 796.200000 28.000000 -0.281653
290.400000 0.000000 96.200000 168.100000 9.400000 961.200000 865.000000 3.000000 -0.793674
290.400000 0.000000 96.200000 168.100000 9.400000 961.200000 865.000000 14.000000 -0.070785
290.400000 0.000000 96.200000 168.100000 9.400000 961.200000 865.000000 100.000000 0.778623
277.100000 0.000000 97.400000 160.600000 11.800000 973.900000 875.600000 28.000000 0.737637
251.800000 0.000000 99.900000 146.100000 12.400000 1006.000000 899.800000 28.000000 -0.114147
251.800000 0.000000 99.900000 146.100000 12.400000 1006.000000 899.800000 100.000000 0.564786
252.300000 0.000000 98.800000 146.300000 14.200000 987.800000 889.000000 28.000000 0.875444
252.300000 0.000000 98.800000 146.300000 14.200000 987.800000 889.000000 56.000000 1.186101
252.300000 0.000000 98.800000 146.300000 14.200000 987.800000 889.000000 100.000000 1.490225
246.800000 0.000000 125.100000 143.300000 12.000000 1086.800000 800.900000 14.000000 0.377678
246.800000 0.000000 125.100000 143.300000 12.000000 1086.800000 800.900000 28.000000 0.988302
246.800000 0.000000 125.100000 143.300000 12.000000 1086.800000 800.900000 56.000000 1.452804
275.100000 0.000000 121.400000 159.500000 9.900000 1053.600000 777.500000 28.000000 0.918805
213.700000 0.000000 174.700000 154.800000 10.200000 1053.500000 776.400000 3.000000 -1.086512
213.700000 0.000000 174.700000 154.800000 10.200000 1053.500000 776.400000 100.000000 0.844556
277.200000 97.800000 24.500000 160.700000 11.200000 1061.700000 782.500000 14.000000 0.703780
218.200000 54.600000 123.800000 140.800000 11.900000 1075.700000 792.700000 3.000000 -0.501430
214.900000 53.800000 121.900000 155.600000 9.600000 1014.300000 780.600000 3.000000 -1.059782
214.900000 53.800000 121.900000 155.600000 9.600000 1014.300000 780.600000 14.000000 0.162653
214.900000 53.800000 121.900000 155.600000 9.600000 1014.300000 780.600000 28.000000 0.970482
218.900000 0.000000 124.100000 158.500000 11.300000 1078.700000 794.900000 3.000000 -1.218972
376.000000 0.000000 0.000000 214.600000 0.000000 1003.500000 762.400000 3.000000 -1.163137
315.000000 137.000000 0.000000 145.000000 5.900000 1130.000000 745.000000 28.000000 2.725728
505.000000 0.000000 60.000000 195.000000 0.000000 1030.000000 630.000000 28.000000 1.672581
520.000000 0.000000 0.000000 175.000000 5.200000 870.000000 805.000000 28.000000 0.900391
397.000000 17.200000 158.000000 167.000000 20.800000 967.000000 633.000000 28.000000 1.175409
145.000000 116.000000 119.000000 184.000000 5.700000 833.000000 880.000000 28.000000 -0.398075
234.000000 156.000000 0.000000 189.000000 5.900000 981.000000 760.000000 28.000000 0.204233
178.000000 129.800000 118.600000 179.900000 3.600000 1007.300000 746.800000 3.000000 -0.898810
172.400000 13.600000 172.400000 156.800000 4.100000 1006.300000 856.400000 3.000000 -0.865547
173.500000 50.100000 173.500000 164.800000 6.500000 1006.200000 793.500000 3.000000 -0.759222
194.700000 0.000000 100.500000 170.200000 7.500000 998.000000 901.800000 3.000000 -1.406673
165.000000 0.000000 143.600000 163.800000 0.000000 1005.600000 900.900000 14.000000 -1.127497
178.000000 129.800000 118.600000 179.900000 3.600000 1007.300000 746.800000 14.000000 -0.096327
172.400000 13.600000 172.400000 156.800000 4.100000 1006.300000 856.400000 14.000000 -0.363029
173.500000 50.100000 173.500000 164.800000 6.500000 1006.200000 793.500000 14.000000 -0.169388
167.000000 75.400000 167.000000 164.000000 7.900000 1007.300000 770.100000 14.000000 -0.175922
250.000000 0.000000 95.700000 191.800000 5.300000 948.900000 857.200000 14.000000 -0.665371
213.500000 0.000000 174.200000 159.200000 11.700000 1043.600000 771.900000 14.000000 -0.372533
194.700000 0.000000 100.500000 170.200000 7.500000 998.000000 901.800000 14.000000 -0.687943
165.000000 128.500000 132.100000 175.100000 8.100000 1005.800000 746.600000 28.000000 0.625373
194.700000 0.000000 100.500000 170.200000 7.500000 998.000000 901.800000 28.000000 0.083652
178.000000 129.800000 118.600000 179.900000 3.600000 1007.300000 746.800000 56.000000 0.756051
167.400000 129.900000 128.600000 175.500000 7.800000 1006.300000 746.600000 56.000000 0.941971
173.500000 50.100000 173.500000 164.800000 6.500000 1006.200000 793.500000 56.000000 1.063739
167.000000 75.400000 167.000000 164.000000 7.900000 1007.300000 770.100000 56.000000 1.045325
190.300000 0.000000 125.200000 166.600000 9.900000 1079.000000 798.900000 56.000000 -0.246013
213.500000 0.000000 174.200000 159.200000 11.700000 1043.600000 771.900000 56.000000 0.914647
251.400000 0.000000 118.300000 192.900000 5.800000 1043.600000 754.300000 56.000000 0.202451
178.000000 129.800000 118.600000 179.900000 3.600000 1007.300000 746.800000 100.000000 0.839210
167.400000 129.900000 128.600000 175.500000 7.800000 1006.300000 746.600000 100.000000 1.057205
172.400000 13.600000 172.400000 156.800000 4.100000 1006.300000 856.400000 100.000000 0.108006
173.500000 50.100000 173.500000 164.800000 6.500000 1006.200000 793.500000 100.000000 1.199763
190.300000 0.000000 125.200000 166.600000 9.900000 1079.000000 798.900000 100.000000 -0.136719
194.700000 0.000000 100.500000 170.200000 7.500000 998.000000 901.800000 100.000000 0.500041
446.000000 24.000000 79.000000 162.000000 11.600000 967.000000 712.000000 28.000000 0.508357
446.000000 24.000000 79.000000 162.000000 10.300000 967.000000 712.000000 28.000000 1.041167
446.000000 24.000000 79.000000 162.000000 11.600000 967.000000 712.000000 3.000000 -0.029800
446.000000 24.000000 79.000000 162.000000 11.600000 967.000000 712.000000 7.000000 0.959196
446.000000 24.000000 79.000000 162.000000 11.600000 967.000000 712.000000 56.000000 1.151650
446.000000 24.000000 79.000000 162.000000 10.300000 967.000000 712.000000 56.000000 1.123138
387.000000 20.000000 94.000000 157.000000 13.900000 938.000000 845.000000 28.000000 0.642599
387.000000 20.000000 94.000000 157.000000 11.600000 938.000000 845.000000 3.000000 -0.064846
387.000000 20.000000 94.000000 157.000000 14.300000 938.000000 845.000000 56.000000 1.216395
355.000000 19.000000 97.000000 145.000000 13.100000 967.000000 871.000000 28.000000 0.485191
355.000000 19.000000 97.000000 145.000000 12.300000 967.000000 871.000000 28.000000 1.163530
491.000000 26.000000 123.000000 210.000000 3.900000 882.000000 699.000000 3.000000 -0.608942
491.000000 26.000000 123.000000 210.000000 3.900000 882.000000 699.000000 7.000000 -0.140877
491.000000 26.000000 123.000000 201.000000 3.900000 822.000000 699.000000 3.000000 -0.374909
491.000000 26.000000 123.000000 201.000000 3.900000 822.000000 699.000000 7.000000 0.122262
424.000000 22.000000 132.000000 168.000000 8.900000 822.000000 750.000000 28.000000 2.152526
424.000000 22.000000 132.000000 178.000000 8.500000 822.000000 750.000000 56.000000 1.772371
424.000000 22.000000 132.000000 168.000000 8.900000 822.000000 750.000000 56.000000 2.286768
202.000000 11.000000 141.000000 206.000000 1.700000 942.000000 801.000000 28.000000 -0.825155
284.000000 15.000000 141.000000 179.000000 5.500000 842.000000 801.000000 56.000000 0.514297
359.000000 19.000000 141.000000 154.000000 10.900000 942.000000 801.000000 56.000000 1.953539
436.000000 0.000000 0.000000 218.000000 0.000000 838.400000 719.700000 28.000000 -0.713485
289.000000 0.000000 0.000000 192.000000 0.000000 913.200000 895.300000 90.000000 -0.225223
480.000000 0.000000 0.000000 192.000000 0.000000 936.200000 712.200000 28.000000 0.479845
289.000000 0.000000 0.000000 192.000000 0.000000 913.200000 895.300000 7.000000 -1.262927
255.000000 0.000000 0.000000 192.000000 0.000000 889.800000 945.000000 28.000000 -1.016421
393.000000 0.000000 0.000000 192.000000 0.000000 940.600000 785.600000 7.000000 -0.482422
158.800000 238.200000 0.000000 185.700000 0.000000 1040.600000 734.300000 7.000000 -1.558735
255.500000 170.300000 0.000000 185.700000 0.000000 1026.600000 724.300000 7.000000 -1.106113
272.800000 181.900000 0.000000 185.700000 0.000000 1012.400000 714.300000 7.000000 -0.955833
239.600000 359.400000 0.000000 185.700000 0.000000 941.600000 664.300000 28.000000 0.212549
220.800000 147.200000 0.000000 185.700000 0.000000 1055.000000 744.300000 28.000000 -0.600626
397.000000 0.000000 0.000000 185.700000 0.000000 1040.600000 734.300000 28.000000 -0.165230
382.500000 0.000000 0.000000 185.700000 0.000000 1047.800000 739.300000 7.000000 -0.700417
210.700000 316.100000 0.000000 185.700000 0.000000 977.000000 689.300000 7.000000 -0.834065
295.800000 0.000000 0.000000 185.700000 0.000000 1091.400000 769.300000 7.000000 -1.248671
203.500000 135.700000 0.000000 185.700000 0.000000 1076.200000 759.300000 7.000000 -1.419741
381.400000 0.000000 0.000000 185.700000 0.000000 1104.600000 784.300000 28.000000 -0.794268
295.800000 0.000000 0.000000 185.700000 0.000000 1091.400000 769.300000 28.000000 -0.632108
228.000000 342.100000 0.000000 185.700000 0.000000 955.800000 674.300000 28.000000 0.227992
220.800000 147.200000 0.000000 185.700000 0.000000 1055.000000 744.300000 7.000000 -1.352620
238.100000 0.000000 0.000000 185.700000 0.000000 1118.800000 789.300000 28.000000 -1.085918
290.200000 193.500000 0.000000 185.700000 0.000000 998.200000 704.300000 7.000000 -0.831689
382.500000 0.000000 0.000000 185.700000 0.000000 1047.800000 739.300000 28.000000 0.093750
272.800000 181.900000 0.000000 185.700000 0.000000 1012.400000 714.300000 28.000000 -0.266209
339.000000 0.000000 0.000000 197.000000 0.000000 968.000000 781.000000 14.000000 -0.524001
339.000000 0.000000 0.000000 197.000000 0.000000 968.000000 781.000000 28.000000 -0.227005
339.000000 0.000000 0.000000 197.000000 0.000000 968.000000 781.000000 90.000000 -0.041086
339.000000 0.000000 0.000000 197.000000 0.000000 968.000000 781.000000 180.000000 0.034945
236.000000 0.000000 0.000000 194.000000 0.000000 968.000000 885.000000 14.000000 -1.367470
236.000000 0.000000 0.000000 194.000000 0.000000 968.000000 885.000000 28.000000 -1.036022
236.000000 0.000000 0.000000 194.000000 0.000000 968.000000 885.000000 90.000000 -0.826343
236.000000 0.000000 0.000000 193.000000 0.000000 968.000000 885.000000 180.000000 -0.698635
277.000000 0.000000 0.000000 191.000000 0.000000 968.000000 856.000000 28.000000 -0.587558
254.000000 0.000000 0.000000 198.000000 0.000000 968.000000 863.000000 3.000000 -1.577149
254.000000 0.000000 0.000000 198.000000 0.000000 968.000000 863.000000 365.000000 -0.360654
236.000000 0.000000 0.000000 193.000000 0.000000 968.000000 885.000000 7.000000 -1.536757
325.000000 0.000000 0.000000 184.000000 0.000000 1063.000000 783.000000 28.000000 -0.314322
275.000000 0.000000 0.000000 183.000000 0.000000 1088.000000 808.000000 7.000000 -1.286687
275.000000 0.000000 0.000000 183.000000 0.000000 1088.000000 808.000000 28.000000 -0.674875
300.000000 0.000000 0.000000 184.000000 0.000000 1075.000000 795.000000 7.000000 -1.204716
300.000000 0.000000 0.000000 184.000000 0.000000 1075.000000 795.000000 28.000000 -0.535287
375.000000 0.000000 0.000000 186.000000 0.000000 1038.000000 758.000000 28.000000 0.139488
400.000000 0.000000 0.000000 187.000000 0.000000 1025.000000 745.000000 28.000000 0.465589
250.000000 0.000000 0.000000 182.000000 0.000000 1100.000000 820.000000 7.000000 -1.374004
250.000000 0.000000 0.000000 182.000000 0.000000 1100.000000 820.000000 28.000000 -0.890494
350.000000 0.000000 0.000000 186.000000 0.000000 1050.000000 770.000000 28.000000 -0.093357
157.000000 236.000000 0.000000 192.000000 0.000000 935.400000 781.200000 90.000000 0.446581
122.600000 183.900000 0.000000 203.500000 0.000000 958.200000 800.100000 90.000000 -0.158696
183.900000 122.600000 0.000000 203.500000 0.000000 959.200000 800.000000 3.000000 -1.839099
108.300000 162.400000 0.000000 203.500000 0.000000 938.200000 849.000000 90.000000 -0.393917
116.000000 173.000000 0.000000 192.000000 0.000000 909.800000 891.900000 90.000000 -0.287593
157.000000 236.000000 0.000000 192.000000 0.000000 935.400000 781.200000 28.000000 -0.130779
173.000000 116.000000 0.000000 192.000000 0.000000 946.800000 856.800000 7.000000 -1.453599
192.000000 288.000000 0.000000 192.000000 0.000000 929.800000 716.100000 28.000000 0.205421
166.800000 250.200000 0.000000 203.500000 0.000000 975.600000 692.600000 7.000000 -1.194618
102.000000 153.000000 0.000000 192.000000 0.000000 887.000000 942.000000 7.000000 -1.673970
288.000000 192.000000 0.000000 192.000000 0.000000 932.000000 717.800000 28.000000 0.174533
173.000000 116.000000 0.000000 192.000000 0.000000 946.800000 856.800000 28.000000 -0.687943
133.000000 200.000000 0.000000 192.000000 0.000000 927.400000 839.200000 7.000000 -1.318762
157.000000 236.000000 0.000000 192.000000 0.000000 935.400000 781.200000 7.000000 -1.126903
212.000000 141.300000 0.000000 203.500000 0.000000 973.400000 750.000000 90.000000 0.227992
203.500000 305.300000 0.000000 203.500000 0.000000 963.400000 630.000000 3.000000 -1.562299
133.000000 200.000000 0.000000 192.000000 0.000000 927.400000 839.200000 3.000000 -1.721489
200.000000 133.000000 0.000000 192.000000 0.000000 965.400000 806.200000 7.000000 -1.110271
116.000000 173.000000 0.000000 192.000000 0.000000 909.800000 891.900000 3.000000 -1.757128
173.000000 116.000000 0.000000 192.000000 0.000000 946.800000 856.800000 90.000000 -0.223441
250.200000 166.800000 0.000000 203.500000 0.000000 977.600000 694.100000 28.000000 0.065239
116.000000 173.000000 0.000000 192.000000 0.000000 909.800000 891.900000 7.000000 -1.530818
203.500000 305.300000 0.000000 203.500000 0.000000 963.400000 630.000000 90.000000 0.950287
310.000000 0.000000 0.000000 192.000000 0.000000 1012.000000 830.000000 7.000000 -1.106113
310.000000 0.000000 0.000000 192.000000 0.000000 1012.000000 830.000000 120.000000 0.168593
331.000000 0.000000 0.000000 192.000000 0.000000 1025.000000 821.000000 120.000000 0.208985
349.000000 0.000000 0.000000 192.000000 0.000000 1056.000000 809.000000 3.000000 -1.187490
349.000000 0.000000 0.000000 192.000000 0.000000 1056.000000 809.000000 7.000000 -1.594969
349.000000 0.000000 0.000000 192.000000 0.000000 1056.000000 809.000000 28.000000 -0.133749
349.000000 0.000000 0.000000 192.000000 0.000000 1056.000000 809.000000 90.000000 0.285016
238.000000 0.000000 0.000000 186.000000 0.000000 1119.000000 789.000000 28.000000 -1.088294
296.000000 0.000000 0.000000 186.000000 0.000000 1090.000000 769.000000 28.000000 -0.634484
480.000000 0.000000 0.000000 192.000000 0.000000 936.000000 721.000000 28.000000 0.476875
397.000000 0.000000 0.000000 186.000000 0.000000 1040.000000 734.000000 28.000000 0.064051
500.000000 0.000000 0.000000 200.000000 0.000000 1125.000000 613.000000 14.000000 0.064051
540.000000 0.000000 0.000000 173.000000 0.000000 1125.000000 613.000000 14.000000 1.419540
540.000000 0.000000 0.000000 173.000000 0.000000 1125.000000 613.000000 270.000000 2.275482
350.000000 0.000000 0.000000 203.000000 0.000000 974.000000 775.000000 28.000000 -0.506182
350.000000 0.000000 0.000000 203.000000 0.000000 974.000000 775.000000 56.000000 -0.349368
331.000000 0.000000 0.000000 192.000000 0.000000 978.000000 825.000000 180.000000 0.186413
339.000000 0.000000 0.000000 185.000000 0.000000 1069.000000 754.000000 28.000000 -0.238885
238.000000 0.000000 0.000000 185.000000 0.000000 1118.000000 789.000000 28.000000 -1.088294
349.000000 0.000000 0.000000 192.000000 0.000000 1047.000000 806.000000 7.000000 -1.053248
349.000000 0.000000 0.000000 192.000000 0.000000 1047.000000 806.000000 180.000000 0.308181
302.000000 0.000000 0.000000 203.000000 0.000000 974.000000 817.000000 180.000000 -0.541821
500.000000 0.000000 0.000000 200.000000 0.000000 1125.000000 613.000000 90.000000 0.674674
500.000000 0.000000 0.000000 200.000000 0.000000 1125.000000 613.000000 180.000000 0.901579
540.000000 0.000000 0.000000 173.000000 0.000000 1125.000000 613.000000 3.000000 0.343227
393.000000 0.000000 0.000000 192.000000 0.000000 940.000000 758.000000 3.000000 -0.995037
393.000000 0.000000 0.000000 192.000000 0.000000 940.000000 758.000000 90.000000 0.767931
382.000000 0.000000 0.000000 185.000000 0.000000 1047.000000 739.000000 28.000000 0.092562
252.000000 0.000000 0.000000 185.000000 0.000000 1111.000000 784.000000 28.000000 -0.960585
310.000000 0.000000 0.000000 192.000000 0.000000 970.000000 850.000000 7.000000 -1.239762
310.000000 0.000000 0.000000 192.000000 0.000000 970.000000 850.000000 28.000000 -0.471730
525.000000 0.000000 0.000000 189.000000 0.000000 1125.000000 613.000000 28.000000 1.192635
322.000000 0.000000 0.000000 203.000000 0.000000 974.000000 800.000000 14.000000 -0.896434
480.000000 0.000000 0.000000 192.000000 0.000000 936.000000 721.000000 3.000000 -0.681409
147.000000 115.000000 89.000000 202.000000 9.000000 860.000000 829.000000 28.000000 -0.942766
152.000000 178.000000 139.000000 168.000000 18.000000 944.000000 695.000000 28.000000 0.029005
310.000000 143.000000 111.000000 168.000000 22.000000 914.000000 651.000000 28.000000 -0.128997
304.000000 140.000000 0.000000 214.000000 6.000000 895.000000 722.000000 28.000000 -0.145034
374.000000 0.000000 0.000000 190.000000 7.000000 1013.000000 730.000000 28.000000 0.189383
159.000000 149.000000 116.000000 175.000000 15.000000 953.000000 720.000000 28.000000 -0.485986
153.000000 239.000000 0.000000 200.000000 6.000000 1002.000000 684.000000 28.000000 -0.534693
305.000000 0.000000 100.000000 196.000000 10.000000 959.000000 705.000000 28.000000 -0.341052
151.000000 0.000000 184.000000 167.000000 12.000000 991.000000 772.000000 28.000000 -1.205310
298.000000 137.000000 107.000000 201.000000 6.000000 878.000000 655.000000 28.000000 1.048889
366.000000 187.000000 0.000000 191.000000 7.000000 824.000000 757.000000 28.000000 1.784845
318.000000 0.000000 126.000000 210.000000 6.000000 861.000000 737.000000 28.000000 0.249376
326.000000 166.000000 0.000000 174.000000 9.000000 882.000000 790.000000 28.000000 1.506857
298.000000 0.000000 107.000000 210.000000 11.000000 880.000000 744.000000 28.000000 -0.237103
265.000000 111.000000 86.000000 195.000000 6.000000 833.000000 790.000000 28.000000 0.337287
322.000000 0.000000 116.000000 196.000000 10.000000 818.000000 813.000000 28.000000 -0.278089
313.000000 0.000000 113.000000 178.000000 8.000000 1002.000000 689.000000 28.000000 0.055735
149.000000 236.000000 0.000000 176.000000 13.000000 847.000000 893.000000 28.000000 -0.172358
300.000000 0.000000 120.000000 212.000000 10.000000 878.000000 728.000000 28.000000 -0.714079
153.000000 145.000000 113.000000 178.000000 8.000000 867.000000 824.000000 28.000000 -0.572115
148.000000 0.000000 137.000000 158.000000 16.000000 1002.000000 830.000000 28.000000 -1.063940
262.000000 111.000000 86.000000 195.000000 5.000000 895.000000 733.000000 28.000000 -0.127215
149.000000 118.000000 92.000000 183.000000 7.000000 953.000000 780.000000 28.000000 -0.733086
143.000000 169.000000 143.000000 191.000000 8.000000 967.000000 643.000000 28.000000 -0.364811
313.000000 161.000000 0.000000 178.000000 10.000000 917.000000 759.000000 28.000000 0.984738
284.000000 120.000000 0.000000 168.000000 7.000000 970.000000 794.000000 28.000000 0.301053
336.000000 0.000000 0.000000 182.000000 3.000000 986.000000 817.000000 28.000000 0.534492
145.000000 0.000000 134.000000 181.000000 11.000000 979.000000 812.000000 28.000000 -1.346086
144.000000 170.000000 133.000000 192.000000 8.000000 814.000000 805.000000 28.000000 -0.355902
331.000000 170.000000 0.000000 195.000000 8.000000 811.000000 802.000000 28.000000 1.232433
155.000000 0.000000 143.000000 193.000000 9.000000 1047.000000 697.000000 28.000000 -1.390041
146.000000 173.000000 0.000000 182.000000 3.000000 986.000000 817.000000 28.000000 -0.720019
144.000000 136.000000 106.000000 178.000000 7.000000 941.000000 774.000000 28.000000 -0.577461
313.000000 145.000000 0.000000 178.000000 8.000000 1002.000000 689.000000 28.000000 0.308181
289.000000 134.000000 0.000000 195.000000 6.000000 924.000000 760.000000 28.000000 0.616463
136.000000 162.000000 126.000000 172.000000 10.000000 923.000000 764.000000 28.000000 -0.403421
164.000000 163.000000 128.000000 197.000000 8.000000 961.000000 641.000000 28.000000 -0.512715
157.000000 214.000000 152.000000 200.000000 9.000000 819.000000 704.000000 28.000000 -0.167012
144.000000 15.000000 195.000000 176.000000 6.000000 1021.000000 709.000000 28.000000 -1.218972
313.300000 0.000000 113.000000 178.500000 8.000000 1001.900000 688.700000 28.000000 0.055735
145.900000 230.500000 0.000000 202.500000 3.400000 827.000000 871.800000 28.000000 -0.186614
153.100000 145.000000 113.000000 178.500000 8.000000 1001.900000 688.700000 28.000000 -0.611912
149.500000 236.000000 0.000000 175.800000 12.600000 846.800000 892.700000 28.000000 -0.172358
299.800000 0.000000 119.800000 211.500000 9.900000 878.200000 727.600000 28.000000 -0.714079
150.700000 0.000000 185.300000 166.700000 15.600000 1074.500000 678.000000 28.000000 -1.330642
272.600000 0.000000 89.600000 198.700000 10.600000 931.300000 762.200000 28.000000 -0.214532
143.000000 169.400000 142.700000 190.700000 8.400000 967.400000 643.500000 28.000000 -0.364217
144.800000 0.000000 133.600000 180.800000 11.100000 979.500000 811.500000 28.000000 -1.346086
150.000000 236.800000 0.000000 173.800000 11.900000 1069.300000 674.800000 28.000000 0.093156
143.700000 170.200000 132.600000 191.600000 8.500000 814.100000 805.300000 28.000000 -0.355902
154.800000 183.400000 0.000000 193.300000 9.100000 877.200000 867.700000 28.000000 -0.717049
145.700000 172.600000 0.000000 181.900000 3.400000 985.800000 816.800000 28.000000 -0.720019
277.000000 116.800000 91.000000 190.600000 7.000000 946.500000 665.600000 28.000000 0.458461
145.400000 0.000000 178.900000 201.700000 7.800000 824.000000 868.700000 28.000000 -1.504088
255.300000 98.800000 77.000000 188.600000 6.500000 919.000000 749.300000 28.000000 -0.122463
153.600000 144.200000 112.300000 220.100000 10.100000 923.200000 657.900000 28.000000 -1.150069
146.500000 114.600000 89.300000 201.900000 8.800000 860.000000 829.500000 28.000000 -0.942766
151.800000 178.100000 138.700000 167.500000 18.300000 944.000000 694.600000 28.000000 0.029005
309.900000 142.800000 111.200000 167.800000 22.100000 913.900000 651.200000 28.000000 0.140082
143.600000 0.000000 174.900000 158.400000 17.900000 942.700000 844.500000 28.000000 -1.214220
152.600000 238.700000 0.000000 200.000000 6.300000 1001.800000 683.900000 28.000000 -0.534693
310.000000 142.800000 0.000000 167.900000 10.000000 914.300000 804.000000 28.000000 0.560628
304.800000 0.000000 99.600000 196.000000 9.800000 959.400000 705.200000 28.000000 -0.341052
321.300000 164.200000 0.000000 190.500000 4.600000 870.000000 774.000000 28.000000 1.268666
366.000000 187.000000 0.000000 191.300000 6.600000 824.300000 756.900000 28.000000 1.784845
155.600000 243.500000 0.000000 180.300000 10.700000 1022.000000 697.700000 28.000000 0.088998
321.400000 0.000000 127.900000 182.500000 11.500000 870.100000 779.700000 28.000000 0.083652
288.400000 121.000000 0.000000 177.400000 7.000000 907.900000 829.500000 28.000000 0.372926
298.200000 0.000000 107.000000 209.700000 11.100000 879.600000 744.200000 28.000000 -0.236509
159.100000 186.700000 0.000000 175.600000 11.300000 989.600000 788.900000 28.000000 -0.183644
260.900000 100.500000 78.300000 200.600000 8.600000 864.500000 761.500000 28.000000 -0.205622
