0.43 0.46 0
0.41 0.32 0
0.17 0.52 0
0.12 0.41 0
0.24 0.52 0
0.28 0.24 0
0.19 0.34 0
0.29 0.34 0
0.49 0.4 0
0.32 0.23 0
0.42 0.3 0
0.34 0.52 0
0.42 0.34 0
0.21 0.47 0
0.49 0.37 0
0.31 0.53 0
0.35 0.56 0
0.4 0.24 0
0.44 0.32 0
0.27 0.39 0
0.12 0.38 0
0.34 0.55 0
0.18 0.25 0
0.43 0.53 0
0.39 0.35 0
0.34 0.32 0
0.3 0.52 0
0.25 0.25 0
0.35 0.55 0
0.13 0.4 0
0.49 0.4 0
0.28 0.34 0
0.45 0.44 0
0.11 0.38 0
0.13 0.41 0
0.21 0.4 0
0.3 0.35 0
0.44 0.28 0
0.26 0.5 0
0.16 0.45 0
0.25 0.55 0
0.16 0.45 0
0.33 0.54 0
0.14 0.39 0
0.18 0.3 0
0.36 0.25 0
0.23 0.49 0
0.11 0.4 0
0.31 0.43 0
0.33 0.3 0
0.11 0.43 0
0.26 0.54 0
0.21 0.4 0
0.25 0.35 0
0.45 0.4 0
0.18 0.52 0
0.27 0.58 0
0.35 0.27 0
0.42 0.49 0
0.37 0.51 0
0.37 0.25 0
0.23 0.57 0
0.29 0.38 0
0.35 0.41 0
0.47 0.36 0
0.29 0.42 0
0.38 0.4 0
0.45 0.36 0
0.21 0.47 0
0.43 0.4 0
0.22 0.31 0
0.19 0.29 0
0.29 0.27 0
0.43 0.42 0
0.22 0.23 0
0.48 0.34 0
0.19 0.42 0
0.39 0.49 0
0.25 0.44 0
0.14 0.5 0
0.33 0.32 0
0.11 0.44 0
0.41 0.34 0
0.33 0.51 0
0.15 0.35 0
0.47 0.37 0
0.26 0.4 0
0.4 0.44 0
0.39 0.31 0
0.16 0.29 0
0.44 0.35 0
0.48 0.38 0
0.49 0.41 0
0.46 0.43 0
0.18 0.43 0
0.15 0.31 0
0.21 0.51 0
0.25 0.4 0
0.47 0.48 0
0.18 0.29 0
0.58 0.02 1
0.32 0.15 1
0.08 0.06 1
0.67 0.15 1
0.65 0.57 1
0.37 0.02 1
0.11 0.79 1
0.57 0.07 1
0.47 0.67 1
0.41 0.69 1
0.64 0.46 1
0.53 0.64 1
0.34 0.75 1
0.35 0.03 1
0.21 0.02 1
0.29 0.66 1
0.33 0.01 1
0.41 0.07 1
0.15 0.73 1
0.52 0.02 1
0.5 0.56 1
0.1 0.71 1
0.11 0.03 1
0.1 0.2 1
0.52 0.04 1
0.0 0.01 1
-0.04 0.44 1
0.18 0.13 1
0.61 0.59 1
0.05 0.07 1
0.66 0.62 1
0.04 0.61 1
0.43 0.67 1
0.55 0.45 1
0.61 0.55 1
0.44 0.73 1
-0.02 0.42 1
0.36 0.1 1
-0.03 0.11 1
0.53 0.26 1
0.25 0.14 1
-0.01 0.59 1
0.29 0.03 1
0.47 0.67 1
0.18 0.11 1
0.39 0.15 1
0.52 0.28 1
0.51 0.12 1
0.56 0.26 1
0.58 0.11 1
0.01 0.2 1
0.62 0.1 1
0.68 0.17 1
0.35 0.1 1
0.6 0.71 1
0.05 0.24 1
0.07 0.06 1
0.18 0.03 1
0.61 0.03 1
0.23 0.66 1
0.66 0.54 1
0.0 0.13 1
0.08 0.64 1
0.54 0.51 1
0.47 0.13 1
0.19 0.13 1
0.28 0.03 1
0.56 0.22 1
0.15 0.62 1
0.21 0.04 1
0.28 0.15 1
0.35 0.72 1
0.26 0.15 1
-0.08 0.75 1
0.27 0.64 1
-0.07 0.56 1
0.24 0.05 1
0.3 0.11 1
0.01 0.4 1
-0.05 0.09 1
-0.05 0.74 1
0.69 0.46 1
0.36 0.7 1
0.35 0.13 1
0.27 0.08 1
0.39 0.74 1
-0.06 0.42 1
0.3 0.13 1
0.41 0.1 1
-0.06 0.08 1
-0.08 0.55 1
0.25 0.67 1
0.41 0.03 1
0.45 0.62 1
0.19 0.68 1
0.22 0.64 1
0.22 0.66 1
0.38 0.72 1
-0.02 0.25 1
0.3 0.06 1
