0.45 0.4 0
0.16 0.4 0
0.13 0.46 0
0.13 0.35 0
0.38 0.32 0
0.44 0.36 0
0.14 0.39 0
0.28 0.53 0
0.3 0.35 0
0.17 0.31 0
0.21 0.41 0
0.22 0.35 0
0.42 0.45 0
0.21 0.31 0
0.25 0.45 0
0.45 0.43 0
0.42 0.33 0
0.34 0.34 0
0.19 0.38 0
0.16 0.49 0
0.35 0.5 0
0.15 0.35 0
0.49 0.41 0
0.39 0.24 0
0.27 0.32 0
0.17 0.53 0
0.44 0.38 0
0.39 0.4 0
0.15 0.35 0
0.34 0.39 0
0.16 0.53 0
0.37 0.37 0
0.18 0.35 0
0.3 0.21 0
0.46 0.4 0
0.11 0.43 0
0.35 0.58 0
0.18 0.37 0
0.18 0.45 0
0.36 0.45 0
0.14 0.39 0
0.19 0.4 0
0.13 0.48 0
0.32 0.51 0
0.41 0.3 0
0.19 0.44 0
0.49 0.45 0
0.46 0.35 0
0.48 0.36 0
0.26 0.27 0
0.45 0.33 0
0.46 0.32 0
0.23 0.56 0
0.24 0.29 0
0.33 0.46 0
0.24 0.24 0
0.15 0.31 0
0.35 0.31 0
0.34 0.56 0
0.43 0.36 0
0.19 0.55 0
0.42 0.3 0
0.12 0.36 0
0.31 0.42 0
0.11 0.42 0
0.3 0.5 0
0.3 0.28 0
0.37 0.4 0
0.15 0.34 0
0.35 0.3 0
0.44 0.51 0
0.14 0.34 0
0.32 0.53 0
0.22 0.45 0
0.43 0.45 0
0.37 0.51 0
0.25 0.38 0
0.17 0.47 0
0.23 0.28 0
0.45 0.5 0
0.19 0.3 0
0.35 0.5 0
0.31 0.4 0
0.2 0.42 0
0.15 0.49 0
0.18 0.49 0
0.45 0.28 0
0.4 0.43 0
0.49 0.35 0
0.46 0.49 0
0.18 0.46 0
0.33 0.22 0
0.21 0.27 0
0.41 0.29 0
0.38 0.56 0
0.17 0.33 0
0.29 0.23 0
0.15 0.5 0
0.37 0.33 0
0.13 0.39 0
0.01 0.58 1
0.46 0.72 1
0.68 0.33 1
0.43 0.14 1
-0.04 0.3 1
0.06 0.14 1
0.4 0.62 1
0.24 0.73 1
0.05 0.18 1
0.29 0.01 1
0.2 0.63 1
0.39 0.1 1
0.6 0.67 1
0.4 0.12 1
0.17 0.09 1
0.28 0.65 1
0.05 0.26 1
0.63 0.08 1
0.14 0.04 1
0.3 0.74 1
0.13 0.7 1
0.25 0.74 1
-0.05 0.2 1
0.33 0.01 1
-0.05 0.28 1
0.1 0.69 1
0.1 0.76 1
0.22 0.76 1
0.24 0.04 1
0.51 0.69 1
0.21 0.76 1
0.07 0.22 1
0.39 0.69 1
0.6 0.65 1
0.39 0.74 1
0.66 0.78 1
0.12 0.1 1
0.08 0.01 1
0.27 0.72 1
0.22 0.1 1
-0.09 0.49 1
0.33 0.64 1
0.26 0.1 1
0.39 0.64 1
0.54 0.7 1
0.58 0.27 1
0.34 0.71 1
0.66 0.36 1
0.12 0.59 1
0.3 0.65 1
0.05 0.63 1
0.47 0.11 1
0.17 0.07 1
0.66 0.33 1
0.13 0.08 1
0.52 0.62 1
0.52 0.68 1
-0.01 0.76 1
0.11 0.1 1
0.48 0.02 1
0.25 0.01 1
0.47 0.11 1
0.17 0.79 1
0.28 0.68 1
-0.01 0.12 1
0.6 0.38 1
0.61 0.23 1
0.36 0.65 1
0.41 0.72 1
0.68 0.53 1
0.43 0.61 1
0.02 0.39 1
0.46 0.75 1
0.3 0.7 1
0.14 0.66 1
0.41 0.1 1
-0.06 0.67 1
0.13 0.6 1
0.43 0.03 1
0.55 0.13 1
0.52 0.2 1
0.47 0.22 1
0.11 0.04 1
0.5 0.75 1
0.1 0.74 1
0.24 0.78 1
0.13 0.6 1
0.02 0.12 1
0.17 0.68 1
0.01 0.7 1
0.58 0.03 1
0.17 0.67 1
-0.08 0.38 1
0.61 0.4 1
0.42 0.71 1
0.3 0.06 1
0.54 0.24 1
0.05 0.19 1
0.15 0.7 1
0.19 0.71 1
0.75 0.78 2
0.74 0.8 2
0.79 0.74 2
0.75 0.86 2
0.6 0.73 2
0.67 0.77 2
0.67 0.74 2
0.6 0.73 2
0.79 0.86 2
0.69 0.8 2
0.73 0.77 2
0.76 0.76 2
0.72 0.79 2
0.77 0.8 2
0.77 0.84 2
0.74 0.78 2
0.65 0.83 2
0.62 0.86 2
0.67 0.71 2
0.76 0.77 2
0.69 0.84 2
0.78 0.87 2
0.72 0.75 2
0.72 0.85 2
0.62 0.73 2
0.68 0.82 2
0.73 0.88 2
0.73 0.82 2
0.63 0.81 2
0.74 0.86 2
0.65 0.86 2
0.74 0.88 2
0.78 0.73 2
0.67 0.89 2
0.71 0.83 2
0.72 0.81 2
0.7 0.7 2
0.77 0.84 2
0.68 0.74 2
0.68 0.77 2
0.72 0.79 2
0.71 0.81 2
0.68 0.72 2
0.7 0.75 2
0.61 0.85 2
0.68 0.75 2
0.68 0.74 2
0.7 0.82 2
0.77 0.78 2
0.73 0.75 2
0.68 0.84 2
0.66 0.81 2
0.72 0.73 2
0.61 0.82 2
0.62 0.71 2
0.64 0.85 2
0.69 0.78 2
0.75 0.72 2
0.65 0.75 2
0.68 0.89 2
0.65 0.84 2
0.66 0.81 2
0.7 0.77 2
0.79 0.8 2
0.71 0.77 2
0.67 0.86 2
0.77 0.88 2
0.76 0.81 2
0.7 0.82 2
0.66 0.8 2
0.76 0.79 2
0.78 0.89 2
0.76 0.76 2
0.64 0.87 2
0.61 0.84 2
0.75 0.83 2
0.6 0.8 2
0.69 0.87 2
0.63 0.73 2
0.69 0.82 2
0.68 0.7 2
0.7 0.81 2
0.68 0.86 2
0.71 0.81 2
0.7 0.7 2
0.75 0.82 2
0.67 0.8 2
0.72 0.77 2
0.74 0.8 2
0.73 0.74 2
0.75 0.83 2
0.78 0.86 2
0.65 0.75 2
0.76 0.85 2
0.74 0.76 2
0.75 0.84 2
0.63 0.89 2
0.74 0.84 2
0.74 0.78 2
0.66 0.77 2
