0.069050 0.000000 2.180000 0.000000 0.458000 7.147000 54.200000 6.062200 3.000000 222.000000 18.700000 396.900000 5.330000 1.580831
0.029850 0.000000 2.180000 0.000000 0.458000 6.430000 58.700000 6.062200 3.000000 222.000000 18.700000 394.120000 5.210000 0.742300
0.144550 12.500000 7.870000 0.000000 0.524000 6.172000 96.100000 5.950500 5.000000 311.000000 15.200000 396.900000 19.150000 0.563413
0.170040 12.500000 7.870000 0.000000 0.524000 6.004000 85.900000 6.592100 5.000000 311.000000 15.200000 386.710000 17.100000 -0.353381
0.224890 12.500000 7.870000 0.000000 0.524000 6.377000 94.300000 6.346700 5.000000 311.000000 15.200000 392.520000 20.450000 -0.789417
0.093780 12.500000 7.870000 0.000000 0.524000 5.889000 39.000000 5.450900 5.000000 311.000000 15.200000 390.500000 15.710000 -0.040329
0.637960 0.000000 8.140000 0.000000 0.538000 6.096000 84.500000 4.461900 4.000000 307.000000 21.000000 380.020000 10.260000 -0.431644
0.802710 0.000000 8.140000 0.000000 0.538000 5.456000 36.600000 3.796500 4.000000 307.000000 21.000000 288.990000 11.690000 -0.208036
0.725800 0.000000 8.140000 0.000000 0.538000 5.727000 69.500000 3.796500 4.000000 307.000000 21.000000 390.950000 11.280000 -0.431644
1.002450 0.000000 8.140000 0.000000 0.538000 6.674000 87.300000 4.239000 4.000000 307.000000 21.000000 380.230000 11.980000 -0.118592
1.387990 0.000000 8.140000 0.000000 0.538000 5.950000 82.000000 3.990000 4.000000 307.000000 21.000000 232.600000 27.710000 -0.990665
0.064170 0.000000 5.960000 0.000000 0.499000 5.933000 68.200000 3.360300 5.000000 279.000000 19.200000 396.900000 9.680000 -0.353381
0.033590 75.000000 2.950000 0.000000 0.428000 7.024000 15.800000 5.401100 3.000000 252.000000 18.300000 395.620000 1.980000 1.435485
0.141500 0.000000 6.910000 0.000000 0.448000 6.169000 6.600000 5.720900 3.000000 233.000000 17.900000 383.370000 5.810000 0.362166
0.159360 0.000000 6.910000 0.000000 0.448000 6.211000 6.500000 5.720900 3.000000 233.000000 17.900000 394.460000 7.440000 0.295083
0.122690 0.000000 6.910000 0.000000 0.448000 6.069000 40.000000 5.720900 3.000000 233.000000 17.900000 389.390000 9.550000 -0.096231
0.188360 0.000000 6.910000 0.000000 0.448000 5.786000 33.300000 5.100400 3.000000 233.000000 17.900000 396.900000 14.150000 -0.230396
0.043370 21.000000 5.640000 0.000000 0.439000 6.115000 63.000000 6.814700 4.000000 243.000000 16.800000 393.970000 9.430000 -0.174494
0.013600 75.000000 4.000000 0.000000 0.410000 5.888000 47.600000 7.319700 3.000000 469.000000 21.100000 396.900000 14.800000 -0.353381
0.013110 90.000000 1.220000 0.000000 0.403000 7.249000 21.900000 8.696600 5.000000 226.000000 17.900000 395.930000 4.810000 1.491387
0.020550 85.000000 0.740000 0.000000 0.410000 6.383000 35.700000 9.187600 2.000000 313.000000 17.300000 396.900000 5.770000 0.295083
0.171710 25.000000 5.130000 0.000000 0.453000 5.966000 93.400000 6.818500 8.000000 284.000000 19.700000 378.080000 14.440000 -0.677613
0.135540 12.500000 6.070000 0.000000 0.409000 5.594000 36.800000 6.498000 4.000000 345.000000 18.900000 396.900000 13.090000 -0.521087
0.044620 25.000000 4.860000 0.000000 0.426000 6.619000 70.400000 5.400700 4.000000 281.000000 19.000000 395.630000 7.220000 0.205640
0.071510 0.000000 4.490000 0.000000 0.449000 6.121000 56.800000 3.747600 3.000000 247.000000 18.500000 395.150000 8.440000 0.015573
0.115040 0.000000 2.890000 0.000000 0.445000 6.163000 69.600000 3.495200 2.000000 276.000000 18.000000 391.830000 11.340000 -0.073871
0.081870 0.000000 2.890000 0.000000 0.445000 7.820000 36.900000 3.495200 2.000000 276.000000 18.000000 393.530000 3.570000 2.430542
0.068600 0.000000 2.890000 0.000000 0.445000 7.416000 62.500000 3.495200 2.000000 276.000000 18.000000 396.900000 6.190000 1.245418
0.114320 0.000000 8.560000 0.000000 0.520000 6.781000 71.300000 2.856100 5.000000 384.000000 20.900000 395.580000 7.670000 0.496331
0.171200 0.000000 8.560000 0.000000 0.520000 5.836000 91.900000 2.211000 5.000000 384.000000 20.900000 395.670000 18.660000 -0.286298
0.263630 0.000000 8.560000 0.000000 0.520000 6.229000 91.200000 2.545100 5.000000 384.000000 20.900000 391.230000 15.550000 -0.297479
0.142310 0.000000 10.010000 0.000000 0.547000 6.254000 84.200000 2.256500 6.000000 432.000000 17.800000 388.740000 10.450000 -0.398103
0.171340 0.000000 10.010000 0.000000 0.547000 5.928000 88.200000 2.463100 6.000000 432.000000 17.800000 344.910000 15.760000 -0.420463
0.131580 0.000000 10.010000 0.000000 0.547000 6.176000 72.500000 2.730100 6.000000 432.000000 17.800000 393.300000 12.040000 -0.096231
0.150980 0.000000 10.010000 0.000000 0.547000 6.021000 82.600000 2.747400 6.000000 432.000000 17.800000 394.510000 10.300000 -0.319840
0.150380 0.000000 25.650000 0.000000 0.581000 5.856000 97.000000 1.944400 2.000000 188.000000 19.100000 370.310000 25.410000 -0.532268
0.340060 0.000000 21.890000 0.000000 0.624000 6.458000 98.900000 2.118500 4.000000 437.000000 21.200000 395.040000 12.600000 -0.319840
0.249800 0.000000 21.890000 0.000000 0.624000 5.857000 98.200000 1.668600 4.000000 437.000000 21.200000 392.040000 21.320000 -0.979484
0.544520 0.000000 21.890000 0.000000 0.624000 6.151000 97.900000 1.668700 4.000000 437.000000 21.200000 396.900000 18.460000 -0.476366
0.290900 0.000000 21.890000 0.000000 0.624000 6.174000 93.600000 1.611900 4.000000 437.000000 21.200000 388.080000 24.160000 -0.901221
2.779740 0.000000 19.580000 0.000000 0.871000 4.903000 97.800000 1.345900 5.000000 403.000000 14.700000 396.900000 29.290000 -1.147190
2.733970 0.000000 19.580000 0.000000 0.871000 5.597000 94.900000 1.525700 5.000000 403.000000 14.700000 351.850000 21.450000 -0.744695
1.656600 0.000000 19.580000 0.000000 0.871000 6.122000 97.300000 1.618000 5.000000 403.000000 14.700000 372.800000 14.100000 -0.062690
1.413850 0.000000 19.580000 1.000000 0.871000 6.129000 96.000000 1.749400 5.000000 403.000000 14.700000 321.020000 15.120000 -0.565809
1.223580 0.000000 19.580000 0.000000 0.605000 6.943000 97.400000 1.877300 5.000000 403.000000 14.700000 363.430000 4.590000 2.151032
1.833770 0.000000 19.580000 1.000000 0.605000 7.802000 98.200000 2.040700 5.000000 403.000000 14.700000 389.610000 1.920000 3.123728
2.300400 0.000000 19.580000 0.000000 0.605000 6.319000 96.100000 2.100000 5.000000 403.000000 14.700000 297.090000 11.100000 0.194459
2.313900 0.000000 19.580000 0.000000 0.605000 5.880000 97.300000 2.388700 5.000000 403.000000 14.700000 348.130000 12.030000 -0.331020
0.139140 0.000000 4.050000 0.000000 0.510000 5.572000 88.500000 2.596100 5.000000 296.000000 16.600000 396.900000 14.690000 0.116196
0.084470 0.000000 4.050000 0.000000 0.510000 5.859000 68.700000 2.701900 5.000000 296.000000 16.600000 393.230000 9.640000 0.060294
0.070220 0.000000 4.050000 0.000000 0.510000 6.020000 47.200000 3.554900 5.000000 296.000000 16.600000 393.230000 10.110000 0.127377
0.100080 0.000000 2.460000 0.000000 0.488000 6.563000 95.600000 2.847000 3.000000 193.000000 17.800000 396.900000 5.680000 1.167155
0.060470 0.000000 2.460000 0.000000 0.488000 6.153000 68.800000 3.279700 3.000000 193.000000 17.800000 387.110000 13.150000 0.842923
0.090680 45.000000 3.440000 0.000000 0.437000 6.951000 21.500000 6.479800 5.000000 398.000000 15.200000 377.680000 5.100000 1.670274
0.069110 45.000000 3.440000 0.000000 0.437000 6.739000 30.800000 6.479800 5.000000 398.000000 15.200000 389.710000 4.690000 0.943547
0.021870 60.000000 2.930000 0.000000 0.401000 6.800000 9.900000 6.219600 1.000000 265.000000 15.600000 393.370000 5.030000 1.010630
0.040110 80.000000 1.520000 0.000000 0.404000 7.287000 34.100000 7.309000 2.000000 329.000000 12.600000 396.900000 4.080000 1.256599
0.034450 82.500000 2.030000 0.000000 0.415000 6.162000 38.400000 6.270000 2.000000 348.000000 14.700000 393.770000 7.430000 0.228001
0.020090 95.000000 2.680000 0.000000 0.416100 8.034000 31.900000 5.118000 4.000000 224.000000 14.700000 390.550000 2.880000 3.123728
0.251990 0.000000 10.590000 0.000000 0.489000 5.783000 72.700000 4.354900 4.000000 277.000000 18.600000 389.430000 18.060000 0.049114
0.045600 0.000000 13.890000 1.000000 0.550000 5.888000 56.000000 3.112100 5.000000 276.000000 16.400000 392.800000 13.510000 0.138557
0.110690 0.000000 13.890000 1.000000 0.550000 5.951000 93.800000 2.889300 5.000000 276.000000 16.400000 396.900000 17.920000 -0.062690
0.114250 0.000000 13.890000 1.000000 0.550000 6.373000 92.400000 3.363300 5.000000 276.000000 16.400000 393.740000 10.500000 0.105016
0.358090 0.000000 6.200000 1.000000 0.507000 6.951000 88.500000 2.861700 8.000000 307.000000 17.400000 391.700000 9.710000 0.518691
0.407710 0.000000 6.200000 1.000000 0.507000 6.164000 91.300000 3.048000 8.000000 307.000000 17.400000 395.240000 21.460000 -0.040329
0.382140 0.000000 6.200000 0.000000 0.504000 8.040000 86.500000 3.215700 8.000000 307.000000 17.400000 387.380000 3.130000 1.737357
0.412380 0.000000 6.200000 0.000000 0.504000 7.163000 79.900000 3.215700 8.000000 307.000000 17.400000 372.080000 6.360000 1.066532
0.462960 0.000000 6.200000 0.000000 0.504000 7.412000 76.900000 3.671500 8.000000 307.000000 17.400000 376.140000 5.250000 1.077712
0.330450 0.000000 6.200000 0.000000 0.507000 6.086000 61.500000 3.651900 8.000000 307.000000 17.400000 376.750000 10.880000 0.216820
0.511830 0.000000 6.200000 0.000000 0.507000 7.358000 71.600000 4.148000 8.000000 307.000000 17.400000 390.070000 4.730000 1.055351
0.082440 30.000000 4.930000 0.000000 0.428000 6.481000 18.500000 6.189900 6.000000 300.000000 16.600000 379.410000 6.360000 0.183279
0.106120 30.000000 4.930000 0.000000 0.428000 6.095000 65.100000 6.336100 6.000000 300.000000 16.600000 394.620000 12.400000 -0.219216
0.206080 22.000000 5.860000 0.000000 0.431000 5.593000 76.500000 7.954900 7.000000 330.000000 19.100000 372.490000 12.500000 -0.498726
0.191330 22.000000 5.860000 0.000000 0.431000 5.605000 70.200000 7.954900 7.000000 330.000000 19.100000 389.130000 18.460000 -0.398103
0.339830 22.000000 5.860000 0.000000 0.431000 6.108000 34.900000 8.055500 7.000000 330.000000 19.100000 390.180000 9.160000 0.250361
0.196570 22.000000 5.860000 0.000000 0.431000 6.226000 79.200000 8.055500 7.000000 330.000000 19.100000 376.140000 10.150000 -0.174494
0.164390 22.000000 5.860000 0.000000 0.431000 6.433000 49.100000 7.826500 7.000000 330.000000 19.100000 374.710000 9.520000 0.272722
0.190730 22.000000 5.860000 0.000000 0.431000 6.718000 17.500000 7.826500 7.000000 330.000000 19.100000 393.740000 6.560000 0.462789
0.140300 22.000000 5.860000 0.000000 0.431000 6.487000 13.000000 7.396700 7.000000 330.000000 19.100000 396.280000 5.900000 0.261542
0.082210 22.000000 5.860000 0.000000 0.431000 6.957000 6.800000 8.906700 7.000000 330.000000 19.100000 386.090000 3.530000 0.842923
0.368940 22.000000 5.860000 0.000000 0.431000 8.259000 8.400000 8.906700 7.000000 330.000000 19.100000 396.900000 3.540000 2.318738
0.611540 20.000000 3.970000 0.000000 0.647000 8.704000 86.900000 1.801000 5.000000 264.000000 13.000000 389.700000 5.120000 3.123728
0.534120 20.000000 3.970000 0.000000 0.647000 7.520000 89.400000 2.139800 5.000000 264.000000 13.000000 388.370000 7.260000 2.352279
0.761620 20.000000 3.970000 0.000000 0.647000 5.560000 62.800000 1.986500 5.000000 264.000000 13.000000 392.400000 10.450000 0.082655
0.540500 20.000000 3.970000 0.000000 0.575000 7.470000 52.600000 2.872000 5.000000 264.000000 13.000000 390.300000 3.160000 2.397001
0.114600 20.000000 6.960000 0.000000 0.464000 6.538000 58.700000 3.917500 3.000000 223.000000 18.600000 394.960000 7.730000 0.261542
0.221880 20.000000 6.960000 1.000000 0.464000 7.691000 51.800000 4.366500 3.000000 223.000000 18.600000 390.770000 6.580000 1.469027
0.056440 40.000000 6.410000 1.000000 0.447000 6.758000 32.900000 4.077600 4.000000 254.000000 17.600000 396.900000 3.530000 1.155975
0.037050 20.000000 3.330000 0.000000 0.442900 6.968000 37.200000 5.244700 5.000000 216.000000 14.900000 392.230000 4.590000 1.491387
0.010960 55.000000 2.250000 0.000000 0.389000 6.453000 31.900000 7.307300 1.000000 300.000000 15.300000 394.720000 8.230000 -0.006788
0.078860 80.000000 4.950000 0.000000 0.411000 7.148000 27.700000 5.116700 4.000000 245.000000 19.200000 396.900000 3.560000 1.703815
0.036150 80.000000 4.950000 0.000000 0.411000 6.630000 23.400000 5.116700 4.000000 245.000000 19.200000 396.900000 4.700000 0.652856
0.129320 0.000000 13.920000 0.000000 0.437000 6.678000 31.100000 5.960400 4.000000 289.000000 16.000000 396.900000 6.270000 0.731119
0.141030 0.000000 13.920000 0.000000 0.437000 5.790000 58.000000 6.320000 4.000000 289.000000 16.000000 396.900000 15.840000 -0.196855
0.064660 70.000000 2.240000 0.000000 0.400000 6.345000 20.100000 7.827800 5.000000 358.000000 14.800000 368.240000 4.970000 0.049114
0.092660 34.000000 6.090000 0.000000 0.433000 6.495000 18.400000 5.491700 7.000000 329.000000 16.100000 383.610000 8.670000 0.485150
0.054790 33.000000 2.180000 0.000000 0.472000 6.616000 58.100000 3.370000 7.000000 222.000000 18.400000 393.360000 8.930000 0.708758
0.349400 0.000000 9.900000 0.000000 0.544000 5.972000 76.700000 3.102500 4.000000 304.000000 18.400000 396.240000 9.970000 -0.196855
2.635480 0.000000 9.900000 0.000000 0.544000 4.973000 37.800000 2.519400 4.000000 304.000000 18.400000 350.450000 12.640000 -0.666433
0.253560 0.000000 9.900000 0.000000 0.544000 5.705000 77.700000 3.945000 4.000000 304.000000 18.400000 396.420000 11.500000 -0.655252
0.241030 0.000000 7.380000 0.000000 0.493000 6.083000 43.700000 5.415900 5.000000 287.000000 19.600000 396.900000 12.790000 0.015573
0.045440 0.000000 3.240000 0.000000 0.460000 6.144000 32.200000 5.873600 4.000000 430.000000 16.900000 368.570000 9.090000 -0.252757
0.030410 0.000000 5.190000 0.000000 0.515000 5.895000 59.600000 5.615000 5.000000 224.000000 20.200000 394.810000 10.560000 -0.398103
0.013010 35.000000 1.520000 0.000000 0.442000 7.241000 49.300000 7.037900 1.000000 284.000000 15.500000 394.740000 5.490000 1.189516
0.025430 55.000000 3.780000 0.000000 0.484000 6.696000 56.400000 5.732100 5.000000 370.000000 17.600000 396.900000 7.180000 0.205640
0.030490 55.000000 3.780000 0.000000 0.484000 6.874000 28.100000 6.465400 5.000000 370.000000 17.600000 387.970000 4.610000 1.021810
0.061620 0.000000 4.390000 0.000000 0.442000 5.898000 52.300000 8.013600 3.000000 352.000000 18.800000 364.610000 12.670000 -0.543448
0.072440 60.000000 1.690000 0.000000 0.411000 5.884000 18.500000 10.710300 4.000000 411.000000 18.300000 392.330000 7.790000 -0.386922
0.043010 80.000000 1.910000 0.000000 0.413000 5.663000 21.900000 10.585700 4.000000 334.000000 22.000000 382.800000 8.050000 -0.431644
0.106590 80.000000 1.910000 0.000000 0.413000 5.936000 19.500000 10.585700 4.000000 334.000000 22.000000 376.040000 5.570000 -0.163314
3.849700 0.000000 18.100000 1.000000 0.770000 6.395000 91.000000 2.505200 24.000000 666.000000 20.200000 391.340000 13.270000 -0.040329
4.261310 0.000000 18.100000 0.000000 0.770000 6.112000 81.300000 2.509100 24.000000 666.000000 20.200000 390.740000 12.670000 0.060294
3.474280 0.000000 18.100000 1.000000 0.718000 8.780000 82.900000 1.904700 24.000000 666.000000 20.200000 354.550000 5.290000 -0.017969
4.555870 0.000000 18.100000 0.000000 0.718000 3.561000 87.900000 1.613200 24.000000 666.000000 20.200000 354.700000 7.120000 0.608135
3.696950 0.000000 18.100000 0.000000 0.718000 4.963000 91.400000 1.752300 24.000000 666.000000 20.200000 316.030000 14.000000 -0.017969
6.538760 0.000000 18.100000 1.000000 0.631000 7.016000 97.500000 1.202400 24.000000 666.000000 20.200000 392.050000 2.960000 3.123728
18.498200 0.000000 18.100000 0.000000 0.668000 4.138000 100.000000 1.137000 24.000000 666.000000 20.200000 396.900000 37.970000 -0.923582
9.823490 0.000000 18.100000 0.000000 0.671000 6.794000 98.800000 1.358000 24.000000 666.000000 20.200000 396.900000 21.240000 -0.979484
88.976200 0.000000 18.100000 0.000000 0.671000 6.968000 91.900000 1.416500 24.000000 666.000000 20.200000 396.900000 17.210000 -1.303716
16.811800 0.000000 18.100000 0.000000 0.700000 5.277000 98.100000 1.426100 24.000000 666.000000 20.200000 396.900000 30.810000 -1.661490
22.597100 0.000000 18.100000 0.000000 0.700000 5.000000 89.500000 1.518400 24.000000 666.000000 20.200000 396.900000 31.990000 -1.639129
6.962150 0.000000 18.100000 0.000000 0.700000 5.713000 97.000000 1.926500 24.000000 666.000000 20.200000 394.430000 17.110000 -0.778237
5.293050 0.000000 18.100000 0.000000 0.700000 6.051000 82.500000 2.167800 24.000000 666.000000 20.200000 378.380000 18.760000 0.127377
8.644760 0.000000 18.100000 0.000000 0.693000 6.193000 92.600000 1.791200 24.000000 666.000000 20.200000 396.900000 15.170000 -0.923582
7.672020 0.000000 18.100000 0.000000 0.693000 5.747000 98.900000 1.633400 24.000000 666.000000 20.200000 393.100000 19.920000 -1.516144
25.046100 0.000000 18.100000 0.000000 0.693000 5.987000 100.000000 1.588800 24.000000 666.000000 20.200000 396.900000 26.770000 -1.840376
9.595710 0.000000 18.100000 0.000000 0.693000 6.404000 100.000000 1.639000 24.000000 666.000000 20.200000 376.110000 20.310000 -1.113649
11.951100 0.000000 18.100000 0.000000 0.659000 5.608000 100.000000 1.285200 24.000000 666.000000 20.200000 332.090000 12.130000 0.652856
7.403890 0.000000 18.100000 0.000000 0.597000 5.617000 97.900000 1.454700 24.000000 666.000000 20.200000 314.640000 26.400000 -0.543448
14.050700 0.000000 18.100000 0.000000 0.597000 6.657000 100.000000 1.527500 24.000000 666.000000 20.200000 35.050000 21.220000 -0.543448
18.811000 0.000000 18.100000 0.000000 0.597000 4.628000 100.000000 1.553900 24.000000 666.000000 20.200000 28.790000 34.370000 -0.465185
45.746100 0.000000 18.100000 0.000000 0.693000 4.519000 100.000000 1.658200 24.000000 666.000000 20.200000 88.270000 36.980000 -1.683850
10.834200 0.000000 18.100000 0.000000 0.679000 6.782000 90.800000 1.819500 24.000000 666.000000 20.200000 21.570000 25.790000 -1.627948
11.812300 0.000000 18.100000 0.000000 0.718000 6.824000 76.500000 1.794000 24.000000 666.000000 20.200000 48.450000 22.740000 -1.527325
11.087400 0.000000 18.100000 0.000000 0.718000 6.411000 100.000000 1.858900 24.000000 666.000000 20.200000 318.750000 15.020000 -0.599350
7.022590 0.000000 18.100000 0.000000 0.718000 6.006000 95.300000 1.874600 24.000000 666.000000 20.200000 319.980000 15.700000 -0.878860
7.050420 0.000000 18.100000 0.000000 0.614000 6.103000 85.100000 2.021800 24.000000 666.000000 20.200000 2.520000 23.290000 -0.968304
8.792120 0.000000 18.100000 0.000000 0.584000 5.565000 70.600000 2.063500 24.000000 666.000000 20.200000 3.650000 17.160000 -1.158371
15.860300 0.000000 18.100000 0.000000 0.679000 5.896000 95.400000 1.909600 24.000000 666.000000 20.200000 7.680000 24.390000 -1.538505
12.247200 0.000000 18.100000 0.000000 0.584000 5.837000 59.700000 1.997600 24.000000 666.000000 20.200000 24.650000 15.690000 -1.326077
7.367110 0.000000 18.100000 0.000000 0.679000 6.193000 78.100000 1.935600 24.000000 666.000000 20.200000 96.730000 21.520000 -1.236634
8.492130 0.000000 18.100000 0.000000 0.584000 6.348000 86.100000 2.052700 24.000000 666.000000 20.200000 83.450000 17.640000 -0.845319
5.581070 0.000000 18.100000 0.000000 0.713000 6.436000 87.900000 2.315800 24.000000 666.000000 20.200000 100.190000 16.220000 -0.867680
11.160400 0.000000 18.100000 0.000000 0.740000 6.629000 94.600000 2.124700 24.000000 666.000000 20.200000 109.850000 23.270000 -0.968304
10.671800 0.000000 18.100000 0.000000 0.740000 6.459000 94.800000 1.987900 24.000000 666.000000 20.200000 43.060000 23.980000 -1.147190
6.288070 0.000000 18.100000 0.000000 0.740000 6.341000 96.400000 2.072000 24.000000 666.000000 20.200000 318.010000 17.790000 -0.800598
9.513630 0.000000 18.100000 0.000000 0.713000 6.728000 94.100000 2.496100 24.000000 666.000000 20.200000 6.680000 18.710000 -0.800598
4.668830 0.000000 18.100000 0.000000 0.713000 5.976000 87.900000 2.580600 24.000000 666.000000 20.200000 10.480000 19.010000 -1.046567
8.200580 0.000000 18.100000 0.000000 0.713000 5.936000 80.300000 2.779200 24.000000 666.000000 20.200000 3.500000 16.940000 -0.957123
7.752230 0.000000 18.100000 0.000000 0.713000 6.301000 83.700000 2.783100 24.000000 666.000000 20.200000 272.210000 16.230000 -0.800598
4.812130 0.000000 18.100000 0.000000 0.713000 6.701000 90.000000 2.597500 24.000000 666.000000 20.200000 255.230000 16.420000 -0.632891
3.693110 0.000000 18.100000 0.000000 0.713000 6.376000 88.400000 2.567100 24.000000 666.000000 20.200000 391.430000 14.650000 -0.487546
7.839320 0.000000 18.100000 0.000000 0.655000 6.209000 65.400000 2.963400 24.000000 666.000000 20.200000 396.900000 13.220000 -0.073871
3.774980 0.000000 18.100000 0.000000 0.655000 5.952000 84.700000 2.871500 24.000000 666.000000 20.200000 22.010000 17.150000 -0.342201
15.575700 0.000000 18.100000 0.000000 0.580000 5.926000 71.000000 2.908400 24.000000 666.000000 20.200000 368.740000 18.130000 -0.331020
4.038410 0.000000 18.100000 0.000000 0.532000 6.229000 90.700000 3.099300 24.000000 666.000000 20.200000 395.330000 12.870000 -0.275118
3.568680 0.000000 18.100000 0.000000 0.580000 6.437000 75.000000 2.896500 24.000000 666.000000 20.200000 393.370000 14.360000 0.127377
14.333700 0.000000 18.100000 0.000000 0.614000 6.229000 88.000000 1.951200 24.000000 666.000000 20.200000 383.320000 13.110000 -0.073871
2.378570 0.000000 18.100000 0.000000 0.583000 5.871000 41.900000 3.724000 24.000000 666.000000 20.200000 370.730000 13.340000 -0.163314
0.150860 0.000000 27.740000 0.000000 0.609000 5.454000 92.700000 1.820900 4.000000 711.000000 20.100000 395.090000 18.060000 -0.767056
0.183370 0.000000 27.740000 0.000000 0.609000 5.414000 98.300000 1.755400 4.000000 711.000000 20.100000 344.050000 23.970000 -1.683850
0.207460 0.000000 27.740000 0.000000 0.609000 5.093000 98.000000 1.822600 4.000000 711.000000 20.100000 318.430000 29.680000 -1.560866
0.111320 0.000000 27.740000 0.000000 0.609000 5.983000 83.500000 2.109900 4.000000 711.000000 20.100000 396.900000 13.350000 -0.219216
0.239120 0.000000 9.690000 0.000000 0.585000 6.019000 65.300000 2.409100 6.000000 391.000000 19.200000 396.900000 12.920000 -0.096231
0.224380 0.000000 9.690000 0.000000 0.585000 6.027000 79.700000 2.498200 6.000000 391.000000 19.200000 396.900000 14.330000 -0.588170
0.062630 0.000000 11.930000 0.000000 0.573000 6.593000 69.100000 2.478600 1.000000 273.000000 21.000000 391.990000 9.670000 0.037934
0.045270 0.000000 11.930000 0.000000 0.573000 6.120000 76.700000 2.287500 1.000000 273.000000 21.000000 396.900000 9.080000 -0.163314
0.109590 0.000000 11.930000 0.000000 0.573000 6.794000 89.300000 2.388900 1.000000 273.000000 21.000000 393.450000 6.480000 -0.006788
