0.069050 0.000000 2.180000 0.000000 0.458000 7.147000 54.200000 6.062200 3.000000 222.000000 18.700000 396.900000 5.330000 1.480350
0.211240 12.500000 7.870000 0.000000 0.524000 5.631000 100.000000 6.082100 5.000000 311.000000 15.200000 386.630000 29.930000 -0.668306
0.170040 12.500000 7.870000 0.000000 0.524000 6.004000 85.900000 6.592100 5.000000 311.000000 15.200000 386.710000 17.100000 -0.406541
0.224890 12.500000 7.870000 0.000000 0.524000 6.377000 94.300000 6.346700 5.000000 311.000000 15.200000 392.520000 20.450000 -0.831910
0.093780 12.500000 7.870000 0.000000 0.524000 5.889000 39.000000 5.450900 5.000000 311.000000 15.200000 390.500000 15.710000 -0.101148
0.725800 0.000000 8.140000 0.000000 0.538000 5.727000 69.500000 3.796500 4.000000 307.000000 21.000000 390.950000 11.280000 -0.482889
1.251790 0.000000 8.140000 0.000000 0.538000 5.570000 98.100000 3.797900 4.000000 307.000000 21.000000 376.570000 21.020000 -0.984606
0.852040 0.000000 8.140000 0.000000 0.538000 5.965000 89.200000 4.012300 4.000000 307.000000 21.000000 392.530000 13.830000 -0.330193
0.988430 0.000000 8.140000 0.000000 0.538000 5.813000 100.000000 4.095200 4.000000 307.000000 21.000000 394.540000 19.880000 -0.886444
0.955770 0.000000 8.140000 0.000000 0.538000 6.047000 88.800000 4.453400 4.000000 307.000000 21.000000 306.380000 17.280000 -0.853723
1.002450 0.000000 8.140000 0.000000 0.538000 6.674000 87.300000 4.239000 4.000000 307.000000 21.000000 380.230000 11.980000 -0.177497
1.387990 0.000000 8.140000 0.000000 0.538000 5.950000 82.000000 3.990000 4.000000 307.000000 21.000000 232.600000 27.710000 -1.028234
0.097440 0.000000 5.960000 0.000000 0.499000 5.841000 61.400000 3.377900 5.000000 279.000000 19.200000 377.560000 11.410000 -0.286565
0.127440 0.000000 6.910000 0.000000 0.448000 6.770000 2.900000 5.720900 3.000000 233.000000 17.900000 385.410000 4.840000 0.433289
0.141500 0.000000 6.910000 0.000000 0.448000 6.169000 6.600000 5.720900 3.000000 233.000000 17.900000 383.370000 5.810000 0.291500
0.159360 0.000000 6.910000 0.000000 0.448000 6.211000 6.500000 5.720900 3.000000 233.000000 17.900000 394.460000 7.440000 0.226058
0.188360 0.000000 6.910000 0.000000 0.448000 5.786000 33.300000 5.100400 3.000000 233.000000 17.900000 396.900000 14.150000 -0.286565
0.253870 0.000000 6.910000 0.000000 0.448000 5.399000 95.300000 5.870000 3.000000 233.000000 17.900000 396.900000 30.810000 -0.897351
0.219770 0.000000 6.910000 0.000000 0.448000 5.602000 62.000000 6.087700 3.000000 233.000000 17.900000 396.900000 16.200000 -0.352007
0.043370 21.000000 5.640000 0.000000 0.439000 6.115000 63.000000 6.814700 4.000000 243.000000 16.800000 393.970000 9.430000 -0.232031
0.013600 75.000000 4.000000 0.000000 0.410000 5.888000 47.600000 7.319700 3.000000 469.000000 21.100000 396.900000 14.800000 -0.406541
0.013110 90.000000 1.220000 0.000000 0.403000 7.249000 21.900000 8.696600 5.000000 226.000000 17.900000 395.930000 4.810000 1.393095
0.020550 85.000000 0.740000 0.000000 0.410000 6.383000 35.700000 9.187600 2.000000 313.000000 17.300000 396.900000 5.770000 0.226058
0.014320 100.000000 1.320000 0.000000 0.411000 6.816000 40.500000 8.324800 5.000000 256.000000 15.100000 392.900000 3.950000 0.978633
0.103280 25.000000 5.130000 0.000000 0.453000 5.927000 47.200000 6.932000 8.000000 284.000000 19.700000 396.900000 9.220000 -0.330193
0.149320 25.000000 5.130000 0.000000 0.453000 5.741000 66.200000 7.225400 8.000000 284.000000 19.700000 395.110000 13.150000 -0.428355
0.171710 25.000000 5.130000 0.000000 0.453000 5.966000 93.400000 6.818500 8.000000 284.000000 19.700000 378.080000 14.440000 -0.722841
0.126500 25.000000 5.130000 0.000000 0.453000 6.762000 43.400000 7.980900 8.000000 284.000000 19.700000 395.580000 9.500000 0.258779
0.057890 12.500000 6.070000 0.000000 0.409000 5.878000 21.400000 6.498000 4.000000 345.000000 18.900000 396.210000 8.100000 -0.068428
0.095120 0.000000 12.830000 0.000000 0.437000 6.286000 45.000000 4.502600 5.000000 398.000000 18.700000 383.230000 8.940000 -0.133869
0.050590 0.000000 4.490000 0.000000 0.449000 6.389000 48.000000 4.779400 3.000000 247.000000 18.500000 396.900000 9.620000 0.138803
0.051880 0.000000 4.490000 0.000000 0.449000 6.015000 45.100000 4.427200 3.000000 247.000000 18.500000 395.990000 12.860000 -0.013893
0.071510 0.000000 4.490000 0.000000 0.449000 6.121000 56.800000 3.747600 3.000000 247.000000 18.500000 395.150000 8.440000 -0.046614
0.115040 0.000000 2.890000 0.000000 0.445000 6.163000 69.600000 3.495200 2.000000 276.000000 18.000000 391.830000 11.340000 -0.133869
0.114320 0.000000 8.560000 0.000000 0.520000 6.781000 71.300000 2.856100 5.000000 384.000000 20.900000 395.580000 7.670000 0.422382
0.139600 0.000000 8.560000 0.000000 0.520000 6.167000 90.000000 2.421000 5.000000 384.000000 20.900000 392.690000 12.330000 -0.275659
0.132620 0.000000 8.560000 0.000000 0.520000 5.851000 96.700000 2.106900 5.000000 384.000000 20.900000 394.050000 16.470000 -0.341100
0.131580 0.000000 10.010000 0.000000 0.547000 6.176000 72.500000 2.730100 6.000000 432.000000 17.800000 393.300000 12.040000 -0.155683
0.092990 0.000000 25.650000 0.000000 0.581000 5.961000 92.900000 2.086900 2.000000 188.000000 19.100000 378.090000 17.930000 -0.232031
0.150380 0.000000 25.650000 0.000000 0.581000 5.856000 97.000000 1.944400 2.000000 188.000000 19.100000 370.310000 25.410000 -0.581051
0.259150 0.000000 21.890000 0.000000 0.624000 5.693000 96.000000 1.788300 4.000000 437.000000 21.200000 392.110000 17.190000 -0.701027
0.325430 0.000000 21.890000 0.000000 0.624000 6.431000 98.800000 1.812500 4.000000 437.000000 21.200000 396.900000 15.390000 -0.504703
0.590050 0.000000 21.890000 0.000000 0.624000 6.372000 97.900000 2.327400 4.000000 437.000000 21.200000 385.760000 11.120000 0.040641
0.329820 0.000000 21.890000 0.000000 0.624000 5.822000 95.400000 2.469900 4.000000 437.000000 21.200000 388.690000 15.030000 -0.461076
0.249800 0.000000 21.890000 0.000000 0.624000 5.857000 98.200000 1.668600 4.000000 437.000000 21.200000 392.040000 21.320000 -1.017327
3.321050 0.000000 19.580000 1.000000 0.871000 5.403000 100.000000 1.321600 5.000000 403.000000 14.700000 396.900000 26.820000 -1.006420
2.779740 0.000000 19.580000 0.000000 0.871000 4.903000 97.800000 1.345900 5.000000 403.000000 14.700000 396.900000 29.290000 -1.180930
1.496320 0.000000 19.580000 0.000000 0.871000 5.404000 100.000000 1.591600 5.000000 403.000000 14.700000 341.600000 13.280000 -0.330193
1.126580 0.000000 19.580000 1.000000 0.871000 5.012000 88.000000 1.610200 5.000000 403.000000 14.700000 343.280000 12.120000 -0.799189
1.413850 0.000000 19.580000 1.000000 0.871000 6.129000 96.000000 1.749400 5.000000 403.000000 14.700000 321.020000 15.120000 -0.613772
1.223580 0.000000 19.580000 0.000000 0.605000 6.943000 97.400000 1.877300 5.000000 403.000000 14.700000 363.430000 4.590000 2.036601
1.342840 0.000000 19.580000 0.000000 0.605000 6.066000 100.000000 1.757300 5.000000 403.000000 14.700000 353.890000 6.430000 0.182431
2.300400 0.000000 19.580000 0.000000 0.605000 6.319000 96.100000 2.100000 5.000000 403.000000 14.700000 297.090000 11.100000 0.127896
0.139140 0.000000 4.050000 0.000000 0.510000 5.572000 88.500000 2.596100 5.000000 296.000000 16.600000 396.900000 14.690000 0.051548
0.091780 0.000000 4.050000 0.000000 0.510000 6.416000 84.100000 2.646300 5.000000 296.000000 16.600000 395.500000 9.040000 0.106082
0.084470 0.000000 4.050000 0.000000 0.510000 5.859000 68.700000 2.701900 5.000000 296.000000 16.600000 393.230000 9.640000 -0.002986
0.066420 0.000000 4.050000 0.000000 0.510000 6.860000 74.400000 2.915300 5.000000 296.000000 16.600000 391.270000 6.920000 0.793216
0.068880 0.000000 2.460000 0.000000 0.488000 6.144000 62.200000 2.597900 3.000000 193.000000 17.800000 396.900000 9.450000 1.480350
0.100080 0.000000 2.460000 0.000000 0.488000 6.563000 95.600000 2.847000 3.000000 193.000000 17.800000 396.900000 5.680000 1.076795
0.060470 0.000000 2.460000 0.000000 0.488000 6.153000 68.800000 3.279700 3.000000 193.000000 17.800000 387.110000 13.150000 0.760496
0.090680 45.000000 3.440000 0.000000 0.437000 6.951000 21.500000 6.479800 5.000000 398.000000 15.200000 377.680000 5.100000 1.567605
0.069110 45.000000 3.440000 0.000000 0.437000 6.739000 30.800000 6.479800 5.000000 398.000000 15.200000 389.710000 4.690000 0.858658
0.086640 45.000000 3.440000 0.000000 0.437000 7.178000 26.300000 6.479800 5.000000 398.000000 15.200000 390.490000 2.870000 1.502164
0.021870 60.000000 2.930000 0.000000 0.401000 6.800000 9.900000 6.219600 1.000000 265.000000 15.600000 393.370000 5.030000 0.924099
0.013810 80.000000 0.460000 0.000000 0.422000 7.875000 32.000000 5.648400 4.000000 255.000000 14.400000 394.230000 2.970000 2.985500
0.037680 80.000000 1.520000 0.000000 0.404000 7.274000 38.300000 7.309000 2.000000 329.000000 12.600000 392.200000 6.620000 1.305840
0.017780 95.000000 1.470000 0.000000 0.403000 7.135000 13.900000 7.653400 3.000000 402.000000 17.000000 384.300000 4.450000 1.120423
0.034450 82.500000 2.030000 0.000000 0.415000 6.162000 38.400000 6.270000 2.000000 348.000000 14.700000 393.770000 7.430000 0.160617
0.020090 95.000000 2.680000 0.000000 0.416100 8.034000 31.900000 5.118000 4.000000 224.000000 14.700000 390.550000 2.880000 2.985500
0.251990 0.000000 10.590000 0.000000 0.489000 5.783000 72.700000 4.354900 4.000000 277.000000 18.600000 389.430000 18.060000 -0.013893
0.135870 0.000000 10.590000 1.000000 0.489000 6.064000 59.100000 4.239200 4.000000 277.000000 18.600000 381.320000 14.660000 0.193338
0.435710 0.000000 10.590000 1.000000 0.489000 5.344000 100.000000 3.875000 4.000000 277.000000 18.600000 396.900000 23.090000 -0.286565
0.375780 0.000000 10.590000 1.000000 0.489000 5.404000 88.600000 3.665000 4.000000 277.000000 18.600000 395.240000 23.980000 -0.362914
0.217190 0.000000 10.590000 1.000000 0.489000 5.807000 53.800000 3.652600 4.000000 277.000000 18.600000 390.940000 16.030000 -0.024800
0.140520 0.000000 10.590000 0.000000 0.489000 6.375000 32.300000 3.945400 4.000000 277.000000 18.600000 385.810000 9.380000 0.596892
0.198020 0.000000 10.590000 0.000000 0.489000 6.182000 42.400000 3.945400 4.000000 277.000000 18.600000 393.630000 9.470000 0.258779
0.358090 0.000000 6.200000 1.000000 0.507000 6.951000 88.500000 2.861700 8.000000 307.000000 17.400000 391.700000 9.710000 0.444196
0.623560 0.000000 6.200000 1.000000 0.507000 6.879000 77.700000 3.272100 8.000000 307.000000 17.400000 390.390000 9.930000 0.531451
0.614700 0.000000 6.200000 0.000000 0.507000 6.618000 80.800000 3.272100 8.000000 307.000000 17.400000 396.900000 7.600000 0.815030
0.526930 0.000000 6.200000 0.000000 0.504000 8.725000 83.000000 2.894400 8.000000 307.000000 17.400000 382.000000 4.630000 2.985500
0.412380 0.000000 6.200000 0.000000 0.504000 7.163000 79.900000 3.215700 8.000000 307.000000 17.400000 372.080000 6.360000 0.978633
0.298190 0.000000 6.200000 0.000000 0.504000 7.686000 17.000000 3.375100 8.000000 307.000000 17.400000 377.510000 3.920000 2.625573
0.537000 0.000000 6.200000 0.000000 0.504000 5.981000 68.100000 3.671500 8.000000 307.000000 17.400000 378.350000 11.650000 0.182431
0.462960 0.000000 6.200000 0.000000 0.504000 7.412000 76.900000 3.671500 8.000000 307.000000 17.400000 376.140000 5.250000 0.989540
0.447910 0.000000 6.200000 1.000000 0.507000 6.726000 66.500000 3.651900 8.000000 307.000000 17.400000 360.200000 8.050000 0.695054
0.330450 0.000000 6.200000 0.000000 0.507000 6.086000 61.500000 3.651900 8.000000 307.000000 17.400000 376.750000 10.880000 0.149710
0.102900 30.000000 4.930000 0.000000 0.428000 6.358000 52.900000 7.035500 6.000000 300.000000 16.600000 372.750000 11.220000 -0.046614
0.339830 22.000000 5.860000 0.000000 0.431000 6.108000 34.900000 8.055500 7.000000 330.000000 19.100000 390.180000 9.160000 0.182431
0.164390 22.000000 5.860000 0.000000 0.431000 6.433000 49.100000 7.826500 7.000000 330.000000 19.100000 374.710000 9.520000 0.204244
0.140300 22.000000 5.860000 0.000000 0.431000 6.487000 13.000000 7.396700 7.000000 330.000000 19.100000 396.280000 5.900000 0.193338
0.048190 80.000000 3.640000 0.000000 0.392000 6.108000 32.000000 9.220300 1.000000 315.000000 16.400000 392.890000 6.570000 -0.079335
0.015380 90.000000 3.750000 0.000000 0.394000 7.454000 34.200000 6.336100 3.000000 244.000000 15.900000 386.340000 3.110000 2.331087
0.611540 20.000000 3.970000 0.000000 0.647000 8.704000 86.900000 1.801000 5.000000 264.000000 13.000000 389.700000 5.120000 2.985500
0.656650 20.000000 3.970000 0.000000 0.647000 6.842000 100.000000 2.010700 5.000000 264.000000 13.000000 391.930000 6.900000 0.815030
0.761620 20.000000 3.970000 0.000000 0.647000 5.560000 62.800000 1.986500 5.000000 264.000000 13.000000 392.400000 10.450000 0.018827
0.785700 20.000000 3.970000 0.000000 0.647000 7.014000 84.600000 2.132900 5.000000 264.000000 13.000000 384.070000 14.790000 0.880471
0.221880 20.000000 6.960000 1.000000 0.464000 7.691000 51.800000 4.366500 3.000000 223.000000 18.600000 390.770000 6.580000 1.371281
0.096040 40.000000 6.410000 0.000000 0.447000 6.854000 42.800000 4.267300 4.000000 254.000000 17.600000 396.900000 2.980000 1.022261
0.079780 40.000000 6.410000 0.000000 0.447000 6.482000 32.100000 4.140300 4.000000 254.000000 17.600000 396.900000 7.190000 0.705961
0.210380 20.000000 3.330000 0.000000 0.442900 6.812000 32.200000 4.100700 5.000000 216.000000 14.900000 396.900000 4.850000 1.360374
0.037050 20.000000 3.330000 0.000000 0.442900 6.968000 37.200000 5.244700 5.000000 216.000000 14.900000 392.230000 4.590000 1.393095
0.010960 55.000000 2.250000 0.000000 0.389000 6.453000 31.900000 7.307300 1.000000 300.000000 15.300000 394.720000 8.230000 -0.068428
0.019650 80.000000 1.760000 0.000000 0.385000 6.230000 31.500000 9.089200 1.000000 241.000000 18.200000 341.600000 12.930000 -0.275659
0.081990 0.000000 13.920000 0.000000 0.437000 6.009000 42.300000 5.502700 4.000000 289.000000 16.000000 396.900000 10.400000 -0.101148
0.053720 0.000000 13.920000 0.000000 0.437000 6.549000 51.000000 5.960400 4.000000 289.000000 16.000000 392.850000 7.390000 0.487823
0.141030 0.000000 13.920000 0.000000 0.437000 5.790000 58.000000 6.320000 4.000000 289.000000 16.000000 396.900000 15.840000 -0.253845
0.044170 70.000000 2.240000 0.000000 0.400000 6.871000 47.400000 7.827800 5.000000 358.000000 14.800000 390.860000 6.070000 0.236965
0.092660 34.000000 6.090000 0.000000 0.433000 6.495000 18.400000 5.491700 7.000000 329.000000 16.100000 383.610000 8.670000 0.411475
0.492980 0.000000 9.900000 0.000000 0.544000 6.635000 82.500000 3.317500 4.000000 304.000000 18.400000 396.900000 4.540000 0.018827
0.253560 0.000000 9.900000 0.000000 0.544000 5.705000 77.700000 3.945000 4.000000 304.000000 18.400000 396.420000 11.500000 -0.701027
0.318270 0.000000 9.900000 0.000000 0.544000 5.914000 83.200000 3.998600 4.000000 304.000000 18.400000 390.700000 18.330000 -0.526517
0.167600 0.000000 7.380000 0.000000 0.493000 6.426000 52.300000 4.540400 5.000000 287.000000 19.600000 396.900000 7.200000 0.127896
0.341090 0.000000 7.380000 0.000000 0.493000 6.415000 40.100000 4.721100 5.000000 287.000000 19.600000 396.900000 6.120000 0.258779
0.067240 0.000000 3.240000 0.000000 0.460000 6.333000 17.200000 5.214600 4.000000 430.000000 16.900000 375.210000 7.340000 -0.002986
0.054970 0.000000 5.190000 0.000000 0.515000 5.985000 45.400000 4.812200 5.000000 224.000000 20.200000 396.900000 9.740000 -0.395634
0.013010 35.000000 1.520000 0.000000 0.442000 7.241000 49.300000 7.037900 1.000000 284.000000 15.500000 394.740000 5.490000 1.098609
0.030490 55.000000 3.780000 0.000000 0.484000 6.874000 28.100000 6.465400 5.000000 370.000000 17.600000 387.970000 4.610000 0.935006
0.061620 0.000000 4.390000 0.000000 0.442000 5.898000 52.300000 8.013600 3.000000 352.000000 18.800000 364.610000 12.670000 -0.591958
0.072440 60.000000 1.690000 0.000000 0.411000 5.884000 18.500000 10.710300 4.000000 411.000000 18.300000 392.330000 7.790000 -0.439262
0.017090 90.000000 2.020000 0.000000 0.410000 6.728000 36.100000 12.126500 5.000000 187.000000 17.000000 384.460000 4.500000 0.815030
0.043010 80.000000 1.910000 0.000000 0.413000 5.663000 21.900000 10.585700 4.000000 334.000000 22.000000 382.800000 8.050000 -0.482889
0.106590 80.000000 1.910000 0.000000 0.413000 5.936000 19.500000 10.585700 4.000000 334.000000 22.000000 376.040000 5.570000 -0.221124
3.849700 0.000000 18.100000 1.000000 0.770000 6.395000 91.000000 2.505200 24.000000 666.000000 20.200000 391.340000 13.270000 -0.101148
4.541920 0.000000 18.100000 0.000000 0.770000 6.398000 88.000000 2.518200 24.000000 666.000000 20.200000 374.560000 7.790000 0.258779
3.678220 0.000000 18.100000 0.000000 0.770000 5.362000 96.200000 2.103600 24.000000 666.000000 20.200000 380.790000 10.190000 -0.199310
4.555870 0.000000 18.100000 0.000000 0.718000 3.561000 87.900000 1.613200 24.000000 666.000000 20.200000 354.700000 7.120000 0.531451
3.696950 0.000000 18.100000 0.000000 0.718000 4.963000 91.400000 1.752300 24.000000 666.000000 20.200000 316.030000 14.000000 -0.079335
5.669980 0.000000 18.100000 1.000000 0.631000 6.683000 96.800000 1.356700 24.000000 666.000000 20.200000 375.330000 3.730000 2.985500
6.538760 0.000000 18.100000 1.000000 0.631000 7.016000 97.500000 1.202400 24.000000 666.000000 20.200000 392.050000 2.960000 2.985500
15.288000 0.000000 18.100000 0.000000 0.671000 6.649000 93.300000 1.344900 24.000000 666.000000 20.200000 363.020000 23.240000 -0.951885
23.648200 0.000000 18.100000 0.000000 0.671000 6.380000 96.200000 1.386100 24.000000 666.000000 20.200000 396.900000 23.690000 -1.039141
15.874400 0.000000 18.100000 0.000000 0.671000 6.545000 99.100000 1.519200 24.000000 666.000000 20.200000 396.900000 21.080000 -1.279092
16.811800 0.000000 18.100000 0.000000 0.700000 5.277000 98.100000 1.426100 24.000000 666.000000 20.200000 396.900000 30.810000 -1.682647
24.393800 0.000000 18.100000 0.000000 0.700000 4.652000 100.000000 1.467200 24.000000 666.000000 20.200000 396.900000 28.280000 -1.322720
22.597100 0.000000 18.100000 0.000000 0.700000 5.000000 89.500000 1.518400 24.000000 666.000000 20.200000 396.900000 31.990000 -1.660833
6.962150 0.000000 18.100000 0.000000 0.700000 5.713000 97.000000 1.926500 24.000000 666.000000 20.200000 394.430000 17.110000 -0.821003
5.872050 0.000000 18.100000 0.000000 0.693000 6.405000 96.000000 1.676800 24.000000 666.000000 20.200000 396.900000 19.370000 -1.104582
38.351800 0.000000 18.100000 0.000000 0.693000 5.453000 100.000000 1.489600 24.000000 666.000000 20.200000 396.900000 30.590000 -1.922598
9.916550 0.000000 18.100000 0.000000 0.693000 5.852000 77.800000 1.500400 24.000000 666.000000 20.200000 338.160000 29.970000 -1.780809
41.529200 0.000000 18.100000 0.000000 0.693000 5.531000 85.400000 1.607400 24.000000 666.000000 20.200000 329.460000 27.380000 -1.540857
7.403890 0.000000 18.100000 0.000000 0.597000 5.617000 97.900000 1.454700 24.000000 666.000000 20.200000 314.640000 26.400000 -0.591958
14.050700 0.000000 18.100000 0.000000 0.597000 6.657000 100.000000 1.527500 24.000000 666.000000 20.200000 35.050000 21.220000 -0.591958
7.022590 0.000000 18.100000 0.000000 0.718000 6.006000 95.300000 1.874600 24.000000 666.000000 20.200000 319.980000 15.700000 -0.919165
37.661900 0.000000 18.100000 0.000000 0.679000 6.202000 78.700000 1.862900 24.000000 666.000000 20.200000 18.820000 14.520000 -1.279092
8.492130 0.000000 18.100000 0.000000 0.584000 6.348000 86.100000 2.052700 24.000000 666.000000 20.200000 83.450000 17.640000 -0.886444
13.913400 0.000000 18.100000 0.000000 0.713000 6.208000 95.000000 2.222200 24.000000 666.000000 20.200000 100.630000 15.170000 -1.191837
11.160400 0.000000 18.100000 0.000000 0.740000 6.629000 94.600000 2.124700 24.000000 666.000000 20.200000 109.850000 23.270000 -1.006420
9.390630 0.000000 18.100000 0.000000 0.740000 5.627000 93.900000 1.817200 24.000000 666.000000 20.200000 396.900000 22.880000 -1.071861
22.051100 0.000000 18.100000 0.000000 0.740000 5.818000 92.400000 1.866200 24.000000 666.000000 20.200000 391.450000 22.110000 -1.322720
9.724180 0.000000 18.100000 0.000000 0.740000 6.406000 97.200000 2.065100 24.000000 666.000000 20.200000 385.960000 19.520000 -0.602865
5.666370 0.000000 18.100000 0.000000 0.740000 6.219000 100.000000 2.004800 24.000000 666.000000 20.200000 395.690000 16.590000 -0.461076
10.671800 0.000000 18.100000 0.000000 0.740000 6.459000 94.800000 1.987900 24.000000 666.000000 20.200000 43.060000 23.980000 -1.180930
6.288070 0.000000 18.100000 0.000000 0.740000 6.341000 96.400000 2.072000 24.000000 666.000000 20.200000 318.010000 17.790000 -0.842817
4.752370 0.000000 18.100000 0.000000 0.713000 6.525000 86.500000 2.435800 24.000000 666.000000 20.200000 50.920000 18.130000 -0.930072
8.200580 0.000000 18.100000 0.000000 0.713000 5.936000 80.300000 2.779200 24.000000 666.000000 20.200000 3.500000 16.940000 -0.995513
4.812130 0.000000 18.100000 0.000000 0.713000 6.701000 90.000000 2.597500 24.000000 666.000000 20.200000 255.230000 16.420000 -0.679213
4.038410 0.000000 18.100000 0.000000 0.532000 6.229000 90.700000 3.099300 24.000000 666.000000 20.200000 395.330000 12.870000 -0.330193
8.055790 0.000000 18.100000 0.000000 0.584000 5.427000 95.400000 2.429800 24.000000 666.000000 20.200000 352.580000 18.140000 -0.962792
4.871410 0.000000 18.100000 0.000000 0.614000 6.484000 93.600000 2.305300 24.000000 666.000000 20.200000 396.210000 18.680000 -0.646493
15.023400 0.000000 18.100000 0.000000 0.614000 5.304000 97.300000 2.100700 24.000000 666.000000 20.200000 349.480000 24.910000 -1.159116
5.824010 0.000000 18.100000 0.000000 0.532000 6.242000 64.700000 3.424200 24.000000 666.000000 20.200000 396.900000 10.740000 0.040641
2.378570 0.000000 18.100000 0.000000 0.583000 5.871000 41.900000 3.724000 24.000000 666.000000 20.200000 370.730000 13.340000 -0.221124
0.183370 0.000000 27.740000 0.000000 0.609000 5.414000 98.300000 1.755400 4.000000 711.000000 20.100000 344.050000 23.970000 -1.704461
0.207460 0.000000 27.740000 0.000000 0.609000 5.093000 98.000000 1.822600 4.000000 711.000000 20.100000 318.430000 29.680000 -1.584485
0.111320 0.000000 27.740000 0.000000 0.609000 5.983000 83.500000 2.109900 4.000000 711.000000 20.100000 396.900000 13.350000 -0.275659
0.224380 0.000000 9.690000 0.000000 0.585000 6.027000 79.700000 2.498200 6.000000 391.000000 19.200000 396.900000 14.330000 -0.635586
0.045270 0.000000 11.930000 0.000000 0.573000 6.120000 76.700000 2.287500 1.000000 273.000000 21.000000 396.900000 9.080000 -0.221124
0.109590 0.000000 11.930000 0.000000 0.573000 6.794000 89.300000 2.388900 1.000000 273.000000 21.000000 393.450000 6.480000 -0.068428
