0.211240 12.500000 7.870000 0.000000 0.524000 5.631000 100.000000 6.082100 5.000000 311.000000 15.200000 386.630000 29.930000 -0.718532
0.627390 0.000000 8.140000 0.000000 0.538000 5.834000 56.500000 4.498600 4.000000 307.000000 21.000000 395.620000 8.470000 -0.334718
1.053930 0.000000 8.140000 0.000000 0.538000 5.935000 29.300000 4.498600 4.000000 307.000000 21.000000 386.850000 6.580000 0.026518
1.251790 0.000000 8.140000 0.000000 0.538000 5.570000 98.100000 3.797900 4.000000 307.000000 21.000000 376.570000 21.020000 -1.045903
0.852040 0.000000 8.140000 0.000000 0.538000 5.965000 89.200000 4.012300 4.000000 307.000000 21.000000 392.530000 13.830000 -0.368584
0.988430 0.000000 8.140000 0.000000 0.538000 5.813000 100.000000 4.095200 4.000000 307.000000 21.000000 394.540000 19.880000 -0.944305
0.750260 0.000000 8.140000 0.000000 0.538000 5.924000 94.100000 4.399600 4.000000 307.000000 21.000000 394.330000 16.300000 -0.820130
0.840540 0.000000 8.140000 0.000000 0.538000 5.599000 85.700000 4.454600 4.000000 307.000000 21.000000 303.420000 16.510000 -1.012037
0.955770 0.000000 8.140000 0.000000 0.538000 6.047000 88.800000 4.453400 4.000000 307.000000 21.000000 306.380000 17.280000 -0.910439
1.151720 0.000000 8.140000 0.000000 0.538000 5.701000 95.000000 3.787200 4.000000 307.000000 21.000000 358.770000 18.350000 -1.102346
1.612820 0.000000 8.140000 0.000000 0.538000 6.096000 96.900000 3.759800 4.000000 307.000000 21.000000 248.310000 20.340000 -1.057192
0.097440 0.000000 5.960000 0.000000 0.499000 5.841000 61.400000 3.377900 5.000000 279.000000 19.200000 377.560000 11.410000 -0.323430
0.127440 0.000000 6.910000 0.000000 0.448000 6.770000 2.900000 5.720900 3.000000 233.000000 17.900000 385.410000 4.840000 0.421621
0.171420 0.000000 6.910000 0.000000 0.448000 5.682000 33.800000 5.100400 3.000000 233.000000 17.900000 396.900000 10.210000 -0.402450
0.253870 0.000000 6.910000 0.000000 0.448000 5.399000 95.300000 5.870000 3.000000 233.000000 17.900000 396.900000 30.810000 -0.955594
0.219770 0.000000 6.910000 0.000000 0.448000 5.602000 62.000000 6.087700 3.000000 233.000000 17.900000 396.900000 16.200000 -0.391162
0.053600 21.000000 5.640000 0.000000 0.439000 6.511000 21.100000 6.814700 4.000000 243.000000 16.800000 396.900000 5.280000 0.241003
0.049810 21.000000 5.640000 0.000000 0.439000 5.998000 21.400000 6.814700 4.000000 243.000000 16.800000 396.900000 8.430000 0.060384
0.014320 100.000000 1.320000 0.000000 0.411000 6.816000 40.500000 8.324800 5.000000 256.000000 15.100000 392.900000 3.950000 0.986053
0.103280 25.000000 5.130000 0.000000 0.453000 5.927000 47.200000 6.932000 8.000000 284.000000 19.700000 396.900000 9.220000 -0.368584
0.149320 25.000000 5.130000 0.000000 0.453000 5.741000 66.200000 7.225400 8.000000 284.000000 19.700000 395.110000 13.150000 -0.470182
0.126500 25.000000 5.130000 0.000000 0.453000 6.762000 43.400000 7.980900 8.000000 284.000000 19.700000 395.580000 9.500000 0.241003
0.043790 80.000000 3.370000 0.000000 0.398000 5.787000 31.100000 6.611500 4.000000 337.000000 16.100000 396.900000 10.240000 -0.391162
0.057890 12.500000 6.070000 0.000000 0.409000 5.878000 21.400000 6.498000 4.000000 345.000000 18.900000 396.210000 8.100000 -0.097657
0.128160 12.500000 6.070000 0.000000 0.409000 5.885000 33.000000 6.498000 4.000000 345.000000 18.900000 396.900000 8.790000 -0.221832
0.088260 0.000000 10.810000 0.000000 0.413000 6.417000 6.600000 5.287300 4.000000 305.000000 19.200000 383.730000 6.720000 0.150693
0.091640 0.000000 10.810000 0.000000 0.413000 6.065000 7.800000 5.287300 4.000000 305.000000 19.200000 390.910000 5.520000 -0.007348
0.195390 0.000000 10.810000 0.000000 0.413000 6.245000 6.200000 5.287300 4.000000 305.000000 19.200000 377.170000 7.540000 0.060384
0.095120 0.000000 12.830000 0.000000 0.437000 6.286000 45.000000 4.502600 5.000000 398.000000 18.700000 383.230000 8.940000 -0.165389
0.101530 0.000000 12.830000 0.000000 0.437000 6.279000 74.500000 4.052200 5.000000 398.000000 18.700000 373.660000 11.970000 -0.323430
0.041130 25.000000 4.860000 0.000000 0.426000 6.727000 33.500000 5.400700 4.000000 281.000000 19.000000 396.900000 5.290000 0.579662
0.050590 0.000000 4.490000 0.000000 0.449000 6.389000 48.000000 4.779400 3.000000 247.000000 18.500000 396.900000 9.620000 0.116827
0.051880 0.000000 4.490000 0.000000 0.449000 6.015000 45.100000 4.427200 3.000000 247.000000 18.500000 395.990000 12.860000 -0.041214
0.046840 0.000000 3.410000 0.000000 0.489000 6.417000 66.100000 3.092300 2.000000 270.000000 17.800000 392.180000 8.810000 -0.029925
0.039320 0.000000 3.410000 0.000000 0.489000 6.405000 73.900000 3.092100 2.000000 270.000000 17.800000 393.550000 8.200000 -0.097657
0.042030 28.000000 15.040000 0.000000 0.464000 6.442000 53.600000 3.665900 4.000000 270.000000 18.200000 395.010000 8.160000 0.003941
0.042940 28.000000 15.040000 0.000000 0.464000 6.249000 77.300000 3.615000 4.000000 270.000000 18.200000 396.900000 10.590000 -0.255698
0.122040 0.000000 2.890000 0.000000 0.445000 6.625000 57.800000 3.495200 2.000000 276.000000 18.000000 357.980000 6.650000 0.624817
0.120830 0.000000 2.890000 0.000000 0.445000 8.069000 76.000000 3.495200 2.000000 276.000000 18.000000 396.900000 4.210000 1.787547
0.148660 0.000000 8.560000 0.000000 0.520000 6.727000 79.900000 2.777800 5.000000 384.000000 20.900000 394.760000 9.420000 0.523219
0.139600 0.000000 8.560000 0.000000 0.520000 6.167000 90.000000 2.421000 5.000000 384.000000 20.900000 392.690000 12.330000 -0.312141
0.132620 0.000000 8.560000 0.000000 0.520000 5.851000 96.700000 2.106900 5.000000 384.000000 20.900000 394.050000 16.470000 -0.379873
0.131170 0.000000 8.560000 0.000000 0.520000 6.127000 85.200000 2.122400 5.000000 384.000000 20.900000 387.690000 14.090000 -0.278275
0.128020 0.000000 8.560000 0.000000 0.520000 6.474000 97.100000 2.432900 5.000000 384.000000 20.900000 395.240000 12.270000 -0.346007
0.144760 0.000000 10.010000 0.000000 0.547000 5.731000 65.200000 2.759200 6.000000 432.000000 17.800000 391.500000 13.610000 -0.402450
0.092990 0.000000 25.650000 0.000000 0.581000 5.961000 92.900000 2.086900 2.000000 188.000000 19.100000 378.090000 17.930000 -0.266986
0.387350 0.000000 25.650000 0.000000 0.581000 5.613000 95.600000 1.757200 2.000000 188.000000 19.100000 359.290000 27.260000 -0.808841
0.259150 0.000000 21.890000 0.000000 0.624000 5.693000 96.000000 1.788300 4.000000 437.000000 21.200000 392.110000 17.190000 -0.752398
0.325430 0.000000 21.890000 0.000000 0.624000 6.431000 98.800000 1.812500 4.000000 437.000000 21.200000 396.900000 15.390000 -0.549203
0.590050 0.000000 21.890000 0.000000 0.624000 6.372000 97.900000 2.327400 4.000000 437.000000 21.200000 385.760000 11.120000 0.015230
0.329820 0.000000 21.890000 0.000000 0.624000 5.822000 95.400000 2.469900 4.000000 437.000000 21.200000 388.690000 15.030000 -0.504048
0.976170 0.000000 21.890000 0.000000 0.624000 5.757000 98.400000 2.346000 4.000000 437.000000 21.200000 262.760000 17.310000 -0.820130
0.557780 0.000000 21.890000 0.000000 0.624000 6.335000 98.200000 2.110700 4.000000 437.000000 21.200000 394.670000 16.960000 -0.537914
3.321050 0.000000 19.580000 1.000000 0.871000 5.403000 100.000000 1.321600 5.000000 403.000000 14.700000 396.900000 26.820000 -1.068480
2.379340 0.000000 19.580000 0.000000 0.871000 6.130000 100.000000 1.419100 5.000000 403.000000 14.700000 172.910000 27.800000 -1.023326
1.496320 0.000000 19.580000 0.000000 0.871000 5.404000 100.000000 1.591600 5.000000 403.000000 14.700000 341.600000 13.280000 -0.368584
1.126580 0.000000 19.580000 1.000000 0.871000 5.012000 88.000000 1.610200 5.000000 403.000000 14.700000 343.280000 12.120000 -0.853996
1.342840 0.000000 19.580000 0.000000 0.605000 6.066000 100.000000 1.757300 5.000000 403.000000 14.700000 353.890000 6.430000 0.161982
1.425020 0.000000 19.580000 0.000000 0.871000 6.510000 100.000000 1.765900 5.000000 403.000000 14.700000 364.310000 7.390000 0.049096
2.242360 0.000000 19.580000 0.000000 0.605000 5.854000 91.800000 2.422000 5.000000 403.000000 14.700000 395.110000 11.640000 -0.018636
0.091780 0.000000 4.050000 0.000000 0.510000 6.416000 84.100000 2.646300 5.000000 296.000000 16.600000 395.500000 9.040000 0.082962
0.066420 0.000000 4.050000 0.000000 0.510000 6.860000 74.400000 2.915300 5.000000 296.000000 16.600000 391.270000 6.920000 0.794146
0.057800 0.000000 2.460000 0.000000 0.488000 6.980000 58.400000 2.829000 3.000000 193.000000 17.800000 396.900000 5.040000 1.618217
0.065880 0.000000 2.460000 0.000000 0.488000 7.765000 83.300000 2.741000 3.000000 193.000000 17.800000 395.560000 7.560000 1.911722
0.068880 0.000000 2.460000 0.000000 0.488000 6.144000 62.200000 2.597900 3.000000 193.000000 17.800000 396.900000 9.450000 1.505331
0.091030 0.000000 2.460000 0.000000 0.488000 7.155000 92.200000 2.700600 3.000000 193.000000 17.800000 394.120000 4.820000 1.697238
0.083080 0.000000 2.460000 0.000000 0.488000 5.604000 89.800000 2.987900 3.000000 193.000000 17.800000 391.000000 13.980000 0.399044
0.078750 45.000000 3.440000 0.000000 0.437000 6.782000 41.100000 3.788600 5.000000 398.000000 15.200000 393.870000 6.680000 1.031208
0.086640 45.000000 3.440000 0.000000 0.437000 7.178000 26.300000 6.479800 5.000000 398.000000 15.200000 390.490000 2.870000 1.527908
0.013810 80.000000 0.460000 0.000000 0.422000 7.875000 32.000000 5.648400 4.000000 255.000000 14.400000 394.230000 2.970000 3.063164
0.046660 80.000000 1.520000 0.000000 0.404000 7.107000 36.600000 7.309000 2.000000 329.000000 12.600000 354.310000 8.610000 0.839301
0.037680 80.000000 1.520000 0.000000 0.404000 7.274000 38.300000 7.309000 2.000000 329.000000 12.600000 392.200000 6.620000 1.324713
0.017780 95.000000 1.470000 0.000000 0.403000 7.135000 13.900000 7.653400 3.000000 402.000000 17.000000 384.300000 4.450000 1.132806
0.135870 0.000000 10.590000 1.000000 0.489000 6.064000 59.100000 4.239200 4.000000 277.000000 18.600000 381.320000 14.660000 0.173271
0.435710 0.000000 10.590000 1.000000 0.489000 5.344000 100.000000 3.875000 4.000000 277.000000 18.600000 396.900000 23.090000 -0.323430
0.375780 0.000000 10.590000 1.000000 0.489000 5.404000 88.600000 3.665000 4.000000 277.000000 18.600000 395.240000 23.980000 -0.402450
0.217190 0.000000 10.590000 1.000000 0.489000 5.807000 53.800000 3.652600 4.000000 277.000000 18.600000 390.940000 16.030000 -0.052502
0.140520 0.000000 10.590000 0.000000 0.489000 6.375000 32.300000 3.945400 4.000000 277.000000 18.600000 385.810000 9.380000 0.590951
0.289550 0.000000 10.590000 0.000000 0.489000 5.412000 9.800000 3.587500 4.000000 277.000000 18.600000 348.930000 29.550000 0.094250
0.198020 0.000000 10.590000 0.000000 0.489000 6.182000 42.400000 3.945400 4.000000 277.000000 18.600000 393.630000 9.470000 0.241003
0.623560 0.000000 6.200000 1.000000 0.507000 6.879000 77.700000 3.272100 8.000000 307.000000 17.400000 390.390000 9.930000 0.523219
0.614700 0.000000 6.200000 0.000000 0.507000 6.618000 80.800000 3.272100 8.000000 307.000000 17.400000 396.900000 7.600000 0.816724
0.526930 0.000000 6.200000 0.000000 0.504000 8.725000 83.000000 2.894400 8.000000 307.000000 17.400000 382.000000 4.630000 3.063164
0.298190 0.000000 6.200000 0.000000 0.504000 7.686000 17.000000 3.375100 8.000000 307.000000 17.400000 377.510000 3.920000 2.690639
0.537000 0.000000 6.200000 0.000000 0.504000 5.981000 68.100000 3.671500 8.000000 307.000000 17.400000 378.350000 11.650000 0.161982
0.447910 0.000000 6.200000 1.000000 0.507000 6.726000 66.500000 3.651900 8.000000 307.000000 17.400000 360.200000 8.050000 0.692548
0.520580 0.000000 6.200000 1.000000 0.507000 6.631000 76.500000 4.148000 8.000000 307.000000 17.400000 388.450000 9.540000 0.252291
0.113290 30.000000 4.930000 0.000000 0.428000 6.897000 54.300000 6.336100 6.000000 300.000000 16.600000 391.250000 11.380000 -0.097657
0.102900 30.000000 4.930000 0.000000 0.428000 6.358000 52.900000 7.035500 6.000000 300.000000 16.600000 372.750000 11.220000 -0.075080
0.048190 80.000000 3.640000 0.000000 0.392000 6.108000 32.000000 9.220300 1.000000 315.000000 16.400000 392.890000 6.570000 -0.108945
0.035480 80.000000 3.640000 0.000000 0.392000 5.876000 19.100000 9.220300 1.000000 315.000000 16.400000 395.180000 9.250000 -0.221832
0.015380 90.000000 3.750000 0.000000 0.394000 7.454000 34.200000 6.336100 3.000000 244.000000 15.900000 386.340000 3.110000 2.385845
0.656650 20.000000 3.970000 0.000000 0.647000 6.842000 100.000000 2.010700 5.000000 264.000000 13.000000 391.930000 6.900000 0.816724
0.785700 20.000000 3.970000 0.000000 0.647000 7.014000 84.600000 2.132900 5.000000 264.000000 13.000000 384.070000 14.790000 0.884455
0.578340 20.000000 3.970000 0.000000 0.575000 8.297000 67.000000 2.421600 5.000000 264.000000 13.000000 384.540000 7.440000 3.063164
0.299160 20.000000 6.960000 0.000000 0.464000 5.856000 42.100000 4.429000 3.000000 223.000000 18.600000 388.650000 13.000000 -0.199255
0.096040 40.000000 6.410000 0.000000 0.447000 6.854000 42.800000 4.267300 4.000000 254.000000 17.600000 396.900000 2.980000 1.031208
0.104690 40.000000 6.410000 1.000000 0.447000 7.267000 49.000000 4.787200 4.000000 254.000000 17.600000 389.250000 6.050000 1.166672
0.079780 40.000000 6.410000 0.000000 0.447000 6.482000 32.100000 4.140300 4.000000 254.000000 17.600000 396.900000 7.190000 0.703837
0.210380 20.000000 3.330000 0.000000 0.442900 6.812000 32.200000 4.100700 5.000000 216.000000 14.900000 396.900000 4.850000 1.381156
0.015010 90.000000 1.210000 1.000000 0.401000 7.923000 24.800000 5.885000 1.000000 198.000000 13.600000 395.520000 3.160000 3.063164
0.019650 80.000000 1.760000 0.000000 0.385000 6.230000 31.500000 9.089200 1.000000 241.000000 18.200000 341.600000 12.930000 -0.312141
0.042970 52.500000 5.320000 0.000000 0.405000 6.565000 22.900000 7.317200 6.000000 293.000000 16.600000 371.720000 9.510000 0.218425
0.081990 0.000000 13.920000 0.000000 0.437000 6.009000 42.300000 5.502700 4.000000 289.000000 16.000000 396.900000 10.400000 -0.131523
0.053720 0.000000 13.920000 0.000000 0.437000 6.549000 51.000000 5.960400 4.000000 289.000000 16.000000 392.850000 7.390000 0.478064
0.055610 70.000000 2.240000 0.000000 0.400000 7.041000 10.000000 7.827800 5.000000 358.000000 14.800000 371.580000 4.740000 0.692548
0.044170 70.000000 2.240000 0.000000 0.400000 6.871000 47.400000 7.827800 5.000000 358.000000 14.800000 390.860000 6.070000 0.218425
0.055150 33.000000 2.180000 0.000000 0.472000 7.236000 41.100000 4.022000 7.000000 222.000000 18.400000 393.680000 6.930000 1.494042
0.075030 33.000000 2.180000 0.000000 0.472000 7.420000 71.900000 3.099200 7.000000 222.000000 18.400000 396.900000 6.470000 1.189249
0.049320 33.000000 2.180000 0.000000 0.472000 6.849000 70.300000 3.182700 7.000000 222.000000 18.400000 396.900000 7.530000 0.602239
0.492980 0.000000 9.900000 0.000000 0.544000 6.635000 82.500000 3.317500 4.000000 304.000000 18.400000 396.900000 4.540000 -0.007348
0.369200 0.000000 9.900000 0.000000 0.544000 6.567000 87.300000 3.602300 4.000000 304.000000 18.400000 395.690000 9.280000 0.105539
0.318270 0.000000 9.900000 0.000000 0.544000 5.914000 83.200000 3.998600 4.000000 304.000000 18.400000 390.700000 18.330000 -0.571780
0.245220 0.000000 9.900000 0.000000 0.544000 5.782000 71.700000 4.031700 4.000000 304.000000 18.400000 396.900000 15.940000 -0.346007
0.475470 0.000000 9.900000 0.000000 0.544000 6.113000 58.800000 4.001900 4.000000 304.000000 18.400000 396.230000 12.730000 -0.210543
0.167600 0.000000 7.380000 0.000000 0.493000 6.426000 52.300000 4.540400 5.000000 287.000000 19.600000 396.900000 7.200000 0.105539
0.181590 0.000000 7.380000 0.000000 0.493000 6.376000 54.300000 4.540400 5.000000 287.000000 19.600000 396.900000 6.870000 0.026518
0.351140 0.000000 7.380000 0.000000 0.493000 6.041000 49.900000 4.721100 5.000000 287.000000 19.600000 396.900000 7.700000 -0.278275
0.341090 0.000000 7.380000 0.000000 0.493000 6.415000 40.100000 4.721100 5.000000 287.000000 19.600000 396.900000 6.120000 0.241003
0.303470 0.000000 7.380000 0.000000 0.493000 6.312000 28.900000 5.415900 5.000000 287.000000 19.600000 396.900000 6.150000 0.015230
0.066170 0.000000 3.240000 0.000000 0.460000 5.868000 25.800000 5.214600 4.000000 430.000000 16.900000 382.440000 9.970000 -0.402450
0.067240 0.000000 3.240000 0.000000 0.460000 6.333000 17.200000 5.214600 4.000000 430.000000 16.900000 375.210000 7.340000 -0.029925
0.050230 35.000000 6.060000 0.000000 0.437900 5.706000 28.400000 6.640700 1.000000 304.000000 16.900000 394.020000 12.430000 -0.650800
0.054970 0.000000 5.190000 0.000000 0.515000 5.985000 45.400000 4.812200 5.000000 224.000000 20.200000 396.900000 9.740000 -0.436316
0.024980 0.000000 1.890000 0.000000 0.518000 6.540000 59.700000 6.266900 1.000000 422.000000 15.900000 389.960000 8.650000 -0.718532
0.031130 0.000000 4.390000 0.000000 0.442000 6.014000 48.500000 8.013600 3.000000 352.000000 18.800000 385.640000 10.530000 -0.605646
0.018700 85.000000 4.150000 0.000000 0.429000 6.516000 27.700000 8.535300 4.000000 351.000000 17.900000 392.430000 6.360000 0.026518
0.015010 80.000000 2.010000 0.000000 0.435000 6.635000 29.700000 8.344000 4.000000 280.000000 17.000000 390.940000 5.990000 0.184559
0.028990 40.000000 1.250000 0.000000 0.429000 6.939000 34.500000 8.792100 1.000000 335.000000 19.700000 389.850000 5.890000 0.421621
0.017090 90.000000 2.020000 0.000000 0.410000 6.728000 36.100000 12.126500 5.000000 187.000000 17.000000 384.460000 4.500000 0.816724
4.541920 0.000000 18.100000 0.000000 0.770000 6.398000 88.000000 2.518200 24.000000 666.000000 20.200000 374.560000 7.790000 0.241003
3.836840 0.000000 18.100000 0.000000 0.770000 6.251000 91.100000 2.295500 24.000000 666.000000 20.200000 350.650000 14.190000 -0.334718
3.678220 0.000000 18.100000 0.000000 0.770000 5.362000 96.200000 2.103600 24.000000 666.000000 20.200000 380.790000 10.190000 -0.233121
5.669980 0.000000 18.100000 1.000000 0.631000 6.683000 96.800000 1.356700 24.000000 666.000000 20.200000 375.330000 3.730000 3.063164
8.267250 0.000000 18.100000 1.000000 0.668000 5.875000 89.600000 1.129600 24.000000 666.000000 20.200000 347.880000 8.880000 3.063164
15.288000 0.000000 18.100000 0.000000 0.671000 6.649000 93.300000 1.344900 24.000000 666.000000 20.200000 363.020000 23.240000 -1.012037
23.648200 0.000000 18.100000 0.000000 0.671000 6.380000 96.200000 1.386100 24.000000 666.000000 20.200000 396.900000 23.690000 -1.102346
15.874400 0.000000 18.100000 0.000000 0.671000 6.545000 99.100000 1.519200 24.000000 666.000000 20.200000 396.900000 21.080000 -1.350696
24.393800 0.000000 18.100000 0.000000 0.700000 4.652000 100.000000 1.467200 24.000000 666.000000 20.200000 396.900000 28.280000 -1.395851
8.716750 0.000000 18.100000 0.000000 0.693000 6.471000 98.800000 1.725700 24.000000 666.000000 20.200000 391.980000 17.120000 -1.102346
5.872050 0.000000 18.100000 0.000000 0.693000 6.405000 96.000000 1.676800 24.000000 666.000000 20.200000 396.900000 19.370000 -1.170078
38.351800 0.000000 18.100000 0.000000 0.693000 5.453000 100.000000 1.489600 24.000000 666.000000 20.200000 396.900000 30.590000 -2.016727
9.916550 0.000000 18.100000 0.000000 0.693000 5.852000 77.800000 1.500400 24.000000 666.000000 20.200000 338.160000 29.970000 -1.869974
41.529200 0.000000 18.100000 0.000000 0.693000 5.531000 85.400000 1.607400 24.000000 666.000000 20.200000 329.460000 27.380000 -1.621624
67.920800 0.000000 18.100000 0.000000 0.693000 5.683000 100.000000 1.425400 24.000000 666.000000 20.200000 384.970000 22.980000 -2.016727
14.438300 0.000000 18.100000 0.000000 0.597000 6.852000 100.000000 1.465500 24.000000 666.000000 20.200000 179.360000 19.780000 0.523219
28.655800 0.000000 18.100000 0.000000 0.597000 5.155000 100.000000 1.589400 24.000000 666.000000 20.200000 210.970000 20.080000 -0.741110
12.048200 0.000000 18.100000 0.000000 0.614000 5.648000 87.600000 1.951200 24.000000 666.000000 20.200000 291.550000 14.100000 -0.233121
37.661900 0.000000 18.100000 0.000000 0.679000 6.202000 78.700000 1.862900 24.000000 666.000000 20.200000 18.820000 14.520000 -1.350696
13.913400 0.000000 18.100000 0.000000 0.713000 6.208000 95.000000 2.222200 24.000000 666.000000 20.200000 100.630000 15.170000 -1.260387
15.177200 0.000000 18.100000 0.000000 0.740000 6.152000 100.000000 1.914200 24.000000 666.000000 20.200000 9.320000 26.450000 -1.599047
9.390630 0.000000 18.100000 0.000000 0.740000 5.627000 93.900000 1.817200 24.000000 666.000000 20.200000 396.900000 22.880000 -1.136212
22.051100 0.000000 18.100000 0.000000 0.740000 5.818000 92.400000 1.866200 24.000000 666.000000 20.200000 391.450000 22.110000 -1.395851
9.724180 0.000000 18.100000 0.000000 0.740000 6.406000 97.200000 2.065100 24.000000 666.000000 20.200000 385.960000 19.520000 -0.650800
5.666370 0.000000 18.100000 0.000000 0.740000 6.219000 100.000000 2.004800 24.000000 666.000000 20.200000 395.690000 16.590000 -0.504048
9.966540 0.000000 18.100000 0.000000 0.740000 6.485000 100.000000 1.978400 24.000000 666.000000 20.200000 386.730000 18.850000 -0.842707
9.924850 0.000000 18.100000 0.000000 0.740000 6.251000 96.600000 2.198000 24.000000 666.000000 20.200000 388.520000 16.440000 -1.158790
8.248090 0.000000 18.100000 0.000000 0.713000 7.393000 99.300000 2.452700 24.000000 666.000000 20.200000 375.870000 16.740000 -0.571780
4.752370 0.000000 18.100000 0.000000 0.713000 6.525000 86.500000 2.435800 24.000000 666.000000 20.200000 50.920000 18.130000 -0.989460
3.163600 0.000000 18.100000 0.000000 0.655000 5.759000 48.200000 3.066500 24.000000 666.000000 20.200000 334.400000 14.130000 -0.334718
4.422280 0.000000 18.100000 0.000000 0.584000 6.003000 94.500000 2.540300 24.000000 666.000000 20.200000 331.290000 21.320000 -0.425028
8.055790 0.000000 18.100000 0.000000 0.584000 5.427000 95.400000 2.429800 24.000000 666.000000 20.200000 352.580000 18.140000 -1.023326
4.871410 0.000000 18.100000 0.000000 0.614000 6.484000 93.600000 2.305300 24.000000 666.000000 20.200000 396.210000 18.680000 -0.695955
15.023400 0.000000 18.100000 0.000000 0.614000 5.304000 97.300000 2.100700 24.000000 666.000000 20.200000 349.480000 24.910000 -1.226521
5.824010 0.000000 18.100000 0.000000 0.532000 6.242000 64.700000 3.424200 24.000000 666.000000 20.200000 396.900000 10.740000 0.015230
5.708180 0.000000 18.100000 0.000000 0.532000 6.750000 74.900000 3.331700 24.000000 666.000000 20.200000 393.070000 7.740000 0.094250
3.673670 0.000000 18.100000 0.000000 0.583000 6.312000 51.900000 3.991700 24.000000 666.000000 20.200000 388.620000 10.580000 -0.187966
0.173310 0.000000 9.690000 0.000000 0.585000 5.707000 54.000000 2.381700 6.000000 391.000000 19.200000 396.900000 12.010000 -0.120234
0.177830 0.000000 9.690000 0.000000 0.585000 5.569000 73.500000 2.399900 6.000000 391.000000 19.200000 395.770000 15.100000 -0.605646
