0.144550 12.500000 7.870000 0.000000 0.524000 6.172000 96.100000 5.950500 5.000000 311.000000 15.200000 396.900000 19.150000 0.443790
0.211240 12.500000 7.870000 0.000000 0.524000 5.631000 100.000000 6.082100 5.000000 311.000000 15.200000 386.630000 29.930000 -0.696616
0.627390 0.000000 8.140000 0.000000 0.538000 5.834000 56.500000 4.498600 4.000000 307.000000 21.000000 395.620000 8.470000 -0.330825
1.053930 0.000000 8.140000 0.000000 0.538000 5.935000 29.300000 4.498600 4.000000 307.000000 21.000000 386.850000 6.580000 0.013448
0.852040 0.000000 8.140000 0.000000 0.538000 5.965000 89.200000 4.012300 4.000000 307.000000 21.000000 392.530000 13.830000 -0.363101
0.955770 0.000000 8.140000 0.000000 0.538000 6.047000 88.800000 4.453400 4.000000 307.000000 21.000000 306.380000 17.280000 -0.879511
1.002450 0.000000 8.140000 0.000000 0.538000 6.674000 87.300000 4.239000 4.000000 307.000000 21.000000 380.230000 11.980000 -0.212481
1.387990 0.000000 8.140000 0.000000 0.538000 5.950000 82.000000 3.990000 4.000000 307.000000 21.000000 232.600000 27.710000 -1.051648
1.151720 0.000000 8.140000 0.000000 0.538000 5.701000 95.000000 3.787200 4.000000 307.000000 21.000000 358.770000 18.350000 -1.062407
0.033590 75.000000 2.950000 0.000000 0.428000 7.024000 15.800000 5.401100 3.000000 252.000000 18.300000 395.620000 1.980000 1.282957
0.127440 0.000000 6.910000 0.000000 0.448000 6.770000 2.900000 5.720900 3.000000 233.000000 17.900000 385.410000 4.840000 0.389997
0.141500 0.000000 6.910000 0.000000 0.448000 6.169000 6.600000 5.720900 3.000000 233.000000 17.900000 383.370000 5.810000 0.250136
0.159360 0.000000 6.910000 0.000000 0.448000 6.211000 6.500000 5.720900 3.000000 233.000000 17.900000 394.460000 7.440000 0.185585
0.122690 0.000000 6.910000 0.000000 0.448000 6.069000 40.000000 5.720900 3.000000 233.000000 17.900000 389.390000 9.550000 -0.190964
0.171420 0.000000 6.910000 0.000000 0.448000 5.682000 33.800000 5.100400 3.000000 233.000000 17.900000 396.900000 10.210000 -0.395377
0.253870 0.000000 6.910000 0.000000 0.448000 5.399000 95.300000 5.870000 3.000000 233.000000 17.900000 396.900000 30.810000 -0.922546
0.053600 21.000000 5.640000 0.000000 0.439000 6.511000 21.100000 6.814700 4.000000 243.000000 16.800000 396.900000 5.280000 0.217861
0.049810 21.000000 5.640000 0.000000 0.439000 5.998000 21.400000 6.814700 4.000000 243.000000 16.800000 396.900000 8.430000 0.045724
0.013110 90.000000 1.220000 0.000000 0.403000 7.249000 21.900000 8.696600 5.000000 226.000000 17.900000 395.930000 4.810000 1.336750
0.103280 25.000000 5.130000 0.000000 0.453000 5.927000 47.200000 6.932000 8.000000 284.000000 19.700000 396.900000 9.220000 -0.363101
0.126500 25.000000 5.130000 0.000000 0.453000 6.762000 43.400000 7.980900 8.000000 284.000000 19.700000 395.580000 9.500000 0.217861
0.057890 12.500000 6.070000 0.000000 0.409000 5.878000 21.400000 6.498000 4.000000 345.000000 18.900000 396.210000 8.100000 -0.104896
0.128160 12.500000 6.070000 0.000000 0.409000 5.885000 33.000000 6.498000 4.000000 345.000000 18.900000 396.900000 8.790000 -0.223240
0.091640 0.000000 10.810000 0.000000 0.413000 6.065000 7.800000 5.287300 4.000000 305.000000 19.200000 390.910000 5.520000 -0.018827
0.195390 0.000000 10.810000 0.000000 0.413000 6.245000 6.200000 5.287300 4.000000 305.000000 19.200000 377.170000 7.540000 0.045724
0.101530 0.000000 12.830000 0.000000 0.437000 6.279000 74.500000 4.052200 5.000000 398.000000 18.700000 373.660000 11.970000 -0.320067
0.041130 25.000000 4.860000 0.000000 0.426000 6.727000 33.500000 5.400700 4.000000 281.000000 19.000000 396.900000 5.290000 0.540617
0.122040 0.000000 2.890000 0.000000 0.445000 6.625000 57.800000 3.495200 2.000000 276.000000 18.000000 357.980000 6.650000 0.583651
0.120830 0.000000 2.890000 0.000000 0.445000 8.069000 76.000000 3.495200 2.000000 276.000000 18.000000 396.900000 4.210000 1.691782
0.068600 0.000000 2.890000 0.000000 0.445000 7.416000 62.500000 3.495200 2.000000 276.000000 18.000000 396.900000 6.190000 1.100062
0.114320 0.000000 8.560000 0.000000 0.520000 6.781000 71.300000 2.856100 5.000000 384.000000 20.900000 395.580000 7.670000 0.379239
0.171200 0.000000 8.560000 0.000000 0.520000 5.836000 91.900000 2.211000 5.000000 384.000000 20.900000 395.670000 18.660000 -0.373860
0.128020 0.000000 8.560000 0.000000 0.520000 6.474000 97.100000 2.432900 5.000000 384.000000 20.900000 395.240000 12.270000 -0.341584
0.263630 0.000000 8.560000 0.000000 0.520000 6.229000 91.200000 2.545100 5.000000 384.000000 20.900000 391.230000 15.550000 -0.384618
0.142310 0.000000 10.010000 0.000000 0.547000 6.254000 84.200000 2.256500 6.000000 432.000000 17.800000 388.740000 10.450000 -0.481445
0.171340 0.000000 10.010000 0.000000 0.547000 5.928000 88.200000 2.463100 6.000000 432.000000 17.800000 344.910000 15.760000 -0.502962
0.144760 0.000000 10.010000 0.000000 0.547000 5.731000 65.200000 2.759200 6.000000 432.000000 17.800000 391.500000 13.610000 -0.395377
0.092990 0.000000 25.650000 0.000000 0.581000 5.961000 92.900000 2.086900 2.000000 188.000000 19.100000 378.090000 17.930000 -0.266274
0.150380 0.000000 25.650000 0.000000 0.581000 5.856000 97.000000 1.944400 2.000000 188.000000 19.100000 370.310000 25.410000 -0.610548
0.387350 0.000000 25.650000 0.000000 0.581000 5.613000 95.600000 1.757200 2.000000 188.000000 19.100000 359.290000 27.260000 -0.782685
0.340060 0.000000 21.890000 0.000000 0.624000 6.458000 98.900000 2.118500 4.000000 437.000000 21.200000 395.040000 12.600000 -0.406135
0.329820 0.000000 21.890000 0.000000 0.624000 5.822000 95.400000 2.469900 4.000000 437.000000 21.200000 388.690000 15.030000 -0.492204
0.976170 0.000000 21.890000 0.000000 0.624000 5.757000 98.400000 2.346000 4.000000 437.000000 21.200000 262.760000 17.310000 -0.793443
0.557780 0.000000 21.890000 0.000000 0.624000 6.335000 98.200000 2.110700 4.000000 437.000000 21.200000 394.670000 16.960000 -0.524479
1.656600 0.000000 19.580000 0.000000 0.871000 6.122000 97.300000 1.618000 5.000000 403.000000 14.700000 372.800000 14.100000 -0.158689
1.496320 0.000000 19.580000 0.000000 0.871000 5.404000 100.000000 1.591600 5.000000 403.000000 14.700000 341.600000 13.280000 -0.363101
1.126580 0.000000 19.580000 1.000000 0.871000 5.012000 88.000000 1.610200 5.000000 403.000000 14.700000 343.280000 12.120000 -0.825719
1.413850 0.000000 19.580000 1.000000 0.871000 6.129000 96.000000 1.749400 5.000000 403.000000 14.700000 321.020000 15.120000 -0.642823
1.342840 0.000000 19.580000 0.000000 0.605000 6.066000 100.000000 1.757300 5.000000 403.000000 14.700000 353.890000 6.430000 0.142551
2.242360 0.000000 19.580000 0.000000 0.605000 5.854000 91.800000 2.422000 5.000000 403.000000 14.700000 395.110000 11.640000 -0.029586
2.313900 0.000000 19.580000 0.000000 0.605000 5.880000 97.300000 2.388700 5.000000 403.000000 14.700000 348.130000 12.030000 -0.416894
0.139140 0.000000 4.050000 0.000000 0.510000 5.572000 88.500000 2.596100 5.000000 296.000000 16.600000 396.900000 14.690000 0.013448
0.084470 0.000000 4.050000 0.000000 0.510000 5.859000 68.700000 2.701900 5.000000 296.000000 16.600000 393.230000 9.640000 -0.040345
0.066420 0.000000 4.050000 0.000000 0.510000 6.860000 74.400000 2.915300 5.000000 296.000000 16.600000 391.270000 6.920000 0.745030
0.068880 0.000000 2.460000 0.000000 0.488000 6.144000 62.200000 2.597900 3.000000 193.000000 17.800000 396.900000 9.450000 1.422818
0.100080 0.000000 2.460000 0.000000 0.488000 6.563000 95.600000 2.847000 3.000000 193.000000 17.800000 396.900000 5.680000 1.024752
0.060470 0.000000 2.460000 0.000000 0.488000 6.153000 68.800000 3.279700 3.000000 193.000000 17.800000 387.110000 13.150000 0.712754
0.069110 45.000000 3.440000 0.000000 0.437000 6.739000 30.800000 6.479800 5.000000 398.000000 15.200000 389.710000 4.690000 0.809581
0.013810 80.000000 0.460000 0.000000 0.422000 7.875000 32.000000 5.648400 4.000000 255.000000 14.400000 394.230000 2.970000 2.907498
0.040110 80.000000 1.520000 0.000000 0.404000 7.287000 34.100000 7.309000 2.000000 329.000000 12.600000 396.900000 4.080000 1.110820
0.017780 95.000000 1.470000 0.000000 0.403000 7.135000 13.900000 7.653400 3.000000 402.000000 17.000000 384.300000 4.450000 1.067786
0.251990 0.000000 10.590000 0.000000 0.489000 5.783000 72.700000 4.354900 4.000000 277.000000 18.600000 389.430000 18.060000 -0.051103
0.435710 0.000000 10.590000 1.000000 0.489000 5.344000 100.000000 3.875000 4.000000 277.000000 18.600000 396.900000 23.090000 -0.320067
0.217190 0.000000 10.590000 1.000000 0.489000 5.807000 53.800000 3.652600 4.000000 277.000000 18.600000 390.940000 16.030000 -0.061862
0.140520 0.000000 10.590000 0.000000 0.489000 6.375000 32.300000 3.945400 4.000000 277.000000 18.600000 385.810000 9.380000 0.551376
0.358090 0.000000 6.200000 1.000000 0.507000 6.951000 88.500000 2.861700 8.000000 307.000000 17.400000 391.700000 9.710000 0.400756
0.407710 0.000000 6.200000 1.000000 0.507000 6.164000 91.300000 3.048000 8.000000 307.000000 17.400000 395.240000 21.460000 -0.137172
0.623560 0.000000 6.200000 1.000000 0.507000 6.879000 77.700000 3.272100 8.000000 307.000000 17.400000 390.390000 9.930000 0.486824
0.614700 0.000000 6.200000 0.000000 0.507000 6.618000 80.800000 3.272100 8.000000 307.000000 17.400000 396.900000 7.600000 0.766547
0.382140 0.000000 6.200000 0.000000 0.504000 8.040000 86.500000 3.215700 8.000000 307.000000 17.400000 387.380000 3.130000 1.573438
0.412380 0.000000 6.200000 0.000000 0.504000 7.163000 79.900000 3.215700 8.000000 307.000000 17.400000 372.080000 6.360000 0.927925
0.298190 0.000000 6.200000 0.000000 0.504000 7.686000 17.000000 3.375100 8.000000 307.000000 17.400000 377.510000 3.920000 2.552466
0.330450 0.000000 6.200000 0.000000 0.507000 6.086000 61.500000 3.651900 8.000000 307.000000 17.400000 376.750000 10.880000 0.110275
0.113290 30.000000 4.930000 0.000000 0.428000 6.897000 54.300000 6.336100 6.000000 300.000000 16.600000 391.250000 11.380000 -0.104896
0.191330 22.000000 5.860000 0.000000 0.431000 5.605000 70.200000 7.954900 7.000000 330.000000 19.100000 389.130000 18.460000 -0.481445
0.339830 22.000000 5.860000 0.000000 0.431000 6.108000 34.900000 8.055500 7.000000 330.000000 19.100000 390.180000 9.160000 0.142551
0.190730 22.000000 5.860000 0.000000 0.431000 6.718000 17.500000 7.826500 7.000000 330.000000 19.100000 393.740000 6.560000 0.346963
0.368940 22.000000 5.860000 0.000000 0.431000 8.259000 8.400000 8.906700 7.000000 330.000000 19.100000 396.900000 3.540000 2.132883
0.048190 80.000000 3.640000 0.000000 0.392000 6.108000 32.000000 9.220300 1.000000 315.000000 16.400000 392.890000 6.570000 -0.115654
0.015380 90.000000 3.750000 0.000000 0.394000 7.454000 34.200000 6.336100 3.000000 244.000000 15.900000 386.340000 3.110000 2.261985
0.761620 20.000000 3.970000 0.000000 0.647000 5.560000 62.800000 1.986500 5.000000 264.000000 13.000000 392.400000 10.450000 -0.018827
0.578340 20.000000 3.970000 0.000000 0.575000 8.297000 67.000000 2.421600 5.000000 264.000000 13.000000 384.540000 7.440000 2.907498
0.540500 20.000000 3.970000 0.000000 0.575000 7.470000 52.600000 2.872000 5.000000 264.000000 13.000000 390.300000 3.160000 2.208192
0.221880 20.000000 6.960000 1.000000 0.464000 7.691000 51.800000 4.366500 3.000000 223.000000 18.600000 390.770000 6.580000 1.315233
0.056440 40.000000 6.410000 1.000000 0.447000 6.758000 32.900000 4.077600 4.000000 254.000000 17.600000 396.900000 3.530000 1.013993
0.079780 40.000000 6.410000 0.000000 0.447000 6.482000 32.100000 4.140300 4.000000 254.000000 17.600000 396.900000 7.190000 0.658961
0.210380 20.000000 3.330000 0.000000 0.442900 6.812000 32.200000 4.100700 5.000000 216.000000 14.900000 396.900000 4.850000 1.304474
0.037050 20.000000 3.330000 0.000000 0.442900 6.968000 37.200000 5.244700 5.000000 216.000000 14.900000 392.230000 4.590000 1.336750
0.015010 90.000000 1.210000 1.000000 0.401000 7.923000 24.800000 5.885000 1.000000 198.000000 13.600000 395.520000 3.160000 2.907498
0.010960 55.000000 2.250000 0.000000 0.389000 6.453000 31.900000 7.307300 1.000000 300.000000 15.300000 394.720000 8.230000 -0.104896
0.042970 52.500000 5.320000 0.000000 0.405000 6.565000 22.900000 7.317200 6.000000 293.000000 16.600000 371.720000 9.510000 0.196344
0.078860 80.000000 4.950000 0.000000 0.411000 7.148000 27.700000 5.116700 4.000000 245.000000 19.200000 396.900000 3.560000 1.541162
0.036150 80.000000 4.950000 0.000000 0.411000 6.630000 23.400000 5.116700 4.000000 245.000000 19.200000 396.900000 4.700000 0.529859
0.129320 0.000000 13.920000 0.000000 0.437000 6.678000 31.100000 5.960400 4.000000 289.000000 16.000000 396.900000 6.270000 0.605168
0.053720 0.000000 13.920000 0.000000 0.437000 6.549000 51.000000 5.960400 4.000000 289.000000 16.000000 392.850000 7.390000 0.443790
0.141030 0.000000 13.920000 0.000000 0.437000 5.790000 58.000000 6.320000 4.000000 289.000000 16.000000 396.900000 15.840000 -0.287791
0.055610 70.000000 2.240000 0.000000 0.400000 7.041000 10.000000 7.827800 5.000000 358.000000 14.800000 371.580000 4.740000 0.648203
0.044170 70.000000 2.240000 0.000000 0.400000 6.871000 47.400000 7.827800 5.000000 358.000000 14.800000 390.860000 6.070000 0.196344
0.055150 33.000000 2.180000 0.000000 0.472000 7.236000 41.100000 4.022000 7.000000 222.000000 18.400000 393.680000 6.930000 1.412060
0.054790 33.000000 2.180000 0.000000 0.472000 6.616000 58.100000 3.370000 7.000000 222.000000 18.400000 393.360000 8.930000 0.583651
0.049320 33.000000 2.180000 0.000000 0.472000 6.849000 70.300000 3.182700 7.000000 222.000000 18.400000 396.900000 7.530000 0.562134
2.635480 0.000000 9.900000 0.000000 0.544000 4.973000 37.800000 2.519400 4.000000 304.000000 18.400000 350.450000 12.640000 -0.739650
0.369200 0.000000 9.900000 0.000000 0.544000 6.567000 87.300000 3.602300 4.000000 304.000000 18.400000 395.690000 9.280000 0.088758
0.475470 0.000000 9.900000 0.000000 0.544000 6.113000 58.800000 4.001900 4.000000 304.000000 18.400000 396.230000 12.730000 -0.212481
0.351140 0.000000 7.380000 0.000000 0.493000 6.041000 49.900000 4.721100 5.000000 287.000000 19.600000 396.900000 7.700000 -0.277033
0.241030 0.000000 7.380000 0.000000 0.493000 6.083000 43.700000 5.415900 5.000000 287.000000 19.600000 396.900000 12.790000 -0.083379
0.067240 0.000000 3.240000 0.000000 0.460000 6.333000 17.200000 5.214600 4.000000 430.000000 16.900000 375.210000 7.340000 -0.040345
0.030410 0.000000 5.190000 0.000000 0.515000 5.895000 59.600000 5.615000 5.000000 224.000000 20.200000 394.810000 10.560000 -0.481445
0.024980 0.000000 1.890000 0.000000 0.518000 6.540000 59.700000 6.266900 1.000000 422.000000 15.900000 389.960000 8.650000 -0.696616
0.030490 55.000000 3.780000 0.000000 0.484000 6.874000 28.100000 6.465400 5.000000 370.000000 17.600000 387.970000 4.610000 0.884891
0.061620 0.000000 4.390000 0.000000 0.442000 5.898000 52.300000 8.013600 3.000000 352.000000 18.800000 364.610000 12.670000 -0.621306
0.018700 85.000000 4.150000 0.000000 0.429000 6.516000 27.700000 8.535300 4.000000 351.000000 17.900000 392.430000 6.360000 0.013448
0.028990 40.000000 1.250000 0.000000 0.429000 6.939000 34.500000 8.792100 1.000000 335.000000 19.700000 389.850000 5.890000 0.389997
0.072440 60.000000 1.690000 0.000000 0.411000 5.884000 18.500000 10.710300 4.000000 411.000000 18.300000 392.330000 7.790000 -0.470687
4.261310 0.000000 18.100000 0.000000 0.770000 6.112000 81.300000 2.509100 24.000000 666.000000 20.200000 390.740000 12.670000 -0.040345
4.541920 0.000000 18.100000 0.000000 0.770000 6.398000 88.000000 2.518200 24.000000 666.000000 20.200000 374.560000 7.790000 0.217861
3.474280 0.000000 18.100000 1.000000 0.718000 8.780000 82.900000 1.904700 24.000000 666.000000 20.200000 354.550000 5.290000 -0.115654
4.555870 0.000000 18.100000 0.000000 0.718000 3.561000 87.900000 1.613200 24.000000 666.000000 20.200000 354.700000 7.120000 0.486824
3.696950 0.000000 18.100000 0.000000 0.718000 4.963000 91.400000 1.752300 24.000000 666.000000 20.200000 316.030000 14.000000 -0.115654
5.669980 0.000000 18.100000 1.000000 0.631000 6.683000 96.800000 1.356700 24.000000 666.000000 20.200000 375.330000 3.730000 2.907498
6.538760 0.000000 18.100000 1.000000 0.631000 7.016000 97.500000 1.202400 24.000000 666.000000 20.200000 392.050000 2.960000 2.907498
8.267250 0.000000 18.100000 1.000000 0.668000 5.875000 89.600000 1.129600 24.000000 666.000000 20.200000 347.880000 8.880000 2.907498
18.498200 0.000000 18.100000 0.000000 0.668000 4.138000 100.000000 1.137000 24.000000 666.000000 20.200000 396.900000 37.970000 -0.987097
88.976200 0.000000 18.100000 0.000000 0.671000 6.968000 91.900000 1.416500 24.000000 666.000000 20.200000 396.900000 17.210000 -1.352888
15.874400 0.000000 18.100000 0.000000 0.671000 6.545000 99.100000 1.519200 24.000000 666.000000 20.200000 396.900000 21.080000 -1.299095
24.393800 0.000000 18.100000 0.000000 0.700000 4.652000 100.000000 1.467200 24.000000 666.000000 20.200000 396.900000 28.280000 -1.342129
22.597100 0.000000 18.100000 0.000000 0.700000 5.000000 89.500000 1.518400 24.000000 666.000000 20.200000 396.900000 31.990000 -1.675644
8.644760 0.000000 18.100000 0.000000 0.693000 6.193000 92.600000 1.791200 24.000000 666.000000 20.200000 396.900000 15.170000 -0.987097
9.916550 0.000000 18.100000 0.000000 0.693000 5.852000 77.800000 1.500400 24.000000 666.000000 20.200000 338.160000 29.970000 -1.793988
9.595710 0.000000 18.100000 0.000000 0.693000 6.404000 100.000000 1.639000 24.000000 666.000000 20.200000 376.110000 20.310000 -1.169992
41.529200 0.000000 18.100000 0.000000 0.693000 5.531000 85.400000 1.607400 24.000000 666.000000 20.200000 329.460000 27.380000 -1.557300
11.951100 0.000000 18.100000 0.000000 0.659000 5.608000 100.000000 1.285200 24.000000 666.000000 20.200000 332.090000 12.130000 0.529859
14.050700 0.000000 18.100000 0.000000 0.597000 6.657000 100.000000 1.527500 24.000000 666.000000 20.200000 35.050000 21.220000 -0.621306
18.811000 0.000000 18.100000 0.000000 0.597000 4.628000 100.000000 1.553900 24.000000 666.000000 20.200000 28.790000 34.370000 -0.545996
28.655800 0.000000 18.100000 0.000000 0.597000 5.155000 100.000000 1.589400 24.000000 666.000000 20.200000 210.970000 20.080000 -0.718133
45.746100 0.000000 18.100000 0.000000 0.693000 4.519000 100.000000 1.658200 24.000000 666.000000 20.200000 88.270000 36.980000 -1.718678
10.834200 0.000000 18.100000 0.000000 0.679000 6.782000 90.800000 1.819500 24.000000 666.000000 20.200000 21.570000 25.790000 -1.664886
11.087400 0.000000 18.100000 0.000000 0.718000 6.411000 100.000000 1.858900 24.000000 666.000000 20.200000 318.750000 15.020000 -0.675099
7.022590 0.000000 18.100000 0.000000 0.718000 6.006000 95.300000 1.874600 24.000000 666.000000 20.200000 319.980000 15.700000 -0.944063
12.048200 0.000000 18.100000 0.000000 0.614000 5.648000 87.600000 1.951200 24.000000 666.000000 20.200000 291.550000 14.100000 -0.233998
7.050420 0.000000 18.100000 0.000000 0.614000 6.103000 85.100000 2.021800 24.000000 666.000000 20.200000 2.520000 23.290000 -1.030131
8.792120 0.000000 18.100000 0.000000 0.584000 5.565000 70.600000 2.063500 24.000000 666.000000 20.200000 3.650000 17.160000 -1.213027
37.661900 0.000000 18.100000 0.000000 0.679000 6.202000 78.700000 1.862900 24.000000 666.000000 20.200000 18.820000 14.520000 -1.299095
5.581070 0.000000 18.100000 0.000000 0.713000 6.436000 87.900000 2.315800 24.000000 666.000000 20.200000 100.190000 16.220000 -0.933304
9.390630 0.000000 18.100000 0.000000 0.740000 5.627000 93.900000 1.817200 24.000000 666.000000 20.200000 396.900000 22.880000 -1.094682
22.051100 0.000000 18.100000 0.000000 0.740000 5.818000 92.400000 1.866200 24.000000 666.000000 20.200000 391.450000 22.110000 -1.342129
9.724180 0.000000 18.100000 0.000000 0.740000 6.406000 97.200000 2.065100 24.000000 666.000000 20.200000 385.960000 19.520000 -0.632065
9.966540 0.000000 18.100000 0.000000 0.740000 6.485000 100.000000 1.978400 24.000000 666.000000 20.200000 386.730000 18.850000 -0.814960
10.671800 0.000000 18.100000 0.000000 0.740000 6.459000 94.800000 1.987900 24.000000 666.000000 20.200000 43.060000 23.980000 -1.202268
6.288070 0.000000 18.100000 0.000000 0.740000 6.341000 96.400000 2.072000 24.000000 666.000000 20.200000 318.010000 17.790000 -0.868753
9.924850 0.000000 18.100000 0.000000 0.740000 6.251000 96.600000 2.198000 24.000000 666.000000 20.200000 388.520000 16.440000 -1.116200
4.752370 0.000000 18.100000 0.000000 0.713000 6.525000 86.500000 2.435800 24.000000 666.000000 20.200000 50.920000 18.130000 -0.954821
4.668830 0.000000 18.100000 0.000000 0.713000 5.976000 87.900000 2.580600 24.000000 666.000000 20.200000 10.480000 19.010000 -1.105441
7.752230 0.000000 18.100000 0.000000 0.713000 6.301000 83.700000 2.783100 24.000000 666.000000 20.200000 272.210000 16.230000 -0.868753
4.812130 0.000000 18.100000 0.000000 0.713000 6.701000 90.000000 2.597500 24.000000 666.000000 20.200000 255.230000 16.420000 -0.707375
3.693110 0.000000 18.100000 0.000000 0.713000 6.376000 88.400000 2.567100 24.000000 666.000000 20.200000 391.430000 14.650000 -0.567514
3.163600 0.000000 18.100000 0.000000 0.655000 5.759000 48.200000 3.066500 24.000000 666.000000 20.200000 334.400000 14.130000 -0.330825
3.774980 0.000000 18.100000 0.000000 0.655000 5.952000 84.700000 2.871500 24.000000 666.000000 20.200000 22.010000 17.150000 -0.427652
15.575700 0.000000 18.100000 0.000000 0.580000 5.926000 71.000000 2.908400 24.000000 666.000000 20.200000 368.740000 18.130000 -0.416894
3.568680 0.000000 18.100000 0.000000 0.580000 6.437000 75.000000 2.896500 24.000000 666.000000 20.200000 393.370000 14.360000 0.024207
8.055790 0.000000 18.100000 0.000000 0.584000 5.427000 95.400000 2.429800 24.000000 666.000000 20.200000 352.580000 18.140000 -0.987097
15.023400 0.000000 18.100000 0.000000 0.614000 5.304000 97.300000 2.100700 24.000000 666.000000 20.200000 349.480000 24.910000 -1.180751
2.378570 0.000000 18.100000 0.000000 0.583000 5.871000 41.900000 3.724000 24.000000 666.000000 20.200000 370.730000 13.340000 -0.255516
0.207460 0.000000 27.740000 0.000000 0.609000 5.093000 98.000000 1.822600 4.000000 711.000000 20.100000 318.430000 29.680000 -1.600334
0.111320 0.000000 27.740000 0.000000 0.609000 5.983000 83.500000 2.109900 4.000000 711.000000 20.100000 396.900000 13.350000 -0.309308
0.173310 0.000000 9.690000 0.000000 0.585000 5.707000 54.000000 2.381700 6.000000 391.000000 19.200000 396.900000 12.010000 -0.126413
0.239120 0.000000 9.690000 0.000000 0.585000 6.019000 65.300000 2.409100 6.000000 391.000000 19.200000 396.900000 12.920000 -0.190964
0.045270 0.000000 11.930000 0.000000 0.573000 6.120000 76.700000 2.287500 1.000000 273.000000 21.000000 396.900000 9.080000 -0.255516
