0.637960 0.000000 8.140000 0.000000 0.538000 6.096000 84.500000 4.461900 4.000000 307.000000 21.000000 380.020000 10.260000 -0.448479
0.627390 0.000000 8.140000 0.000000 0.538000 5.834000 56.500000 4.498600 4.000000 307.000000 21.000000 395.620000 8.470000 -0.259283
1.053930 0.000000 8.140000 0.000000 0.538000 5.935000 29.300000 4.498600 4.000000 307.000000 21.000000 386.850000 6.580000 0.096850
0.725800 0.000000 8.140000 0.000000 0.538000 5.727000 69.500000 3.796500 4.000000 307.000000 21.000000 390.950000 11.280000 -0.448479
0.852040 0.000000 8.140000 0.000000 0.538000 5.965000 89.200000 4.012300 4.000000 307.000000 21.000000 392.530000 13.830000 -0.292671
0.988430 0.000000 8.140000 0.000000 0.538000 5.813000 100.000000 4.095200 4.000000 307.000000 21.000000 394.540000 19.880000 -0.860258
1.151720 0.000000 8.140000 0.000000 0.538000 5.701000 95.000000 3.787200 4.000000 307.000000 21.000000 358.770000 18.350000 -1.016066
0.064170 0.000000 5.960000 0.000000 0.499000 5.933000 68.200000 3.360300 5.000000 279.000000 19.200000 396.900000 9.680000 -0.370575
0.097440 0.000000 5.960000 0.000000 0.499000 5.841000 61.400000 3.377900 5.000000 279.000000 19.200000 377.560000 11.410000 -0.248154
0.033590 75.000000 2.950000 0.000000 0.428000 7.024000 15.800000 5.401100 3.000000 252.000000 18.300000 395.620000 1.980000 1.410092
0.159360 0.000000 6.910000 0.000000 0.448000 6.211000 6.500000 5.720900 3.000000 233.000000 17.900000 394.460000 7.440000 0.274917
0.122690 0.000000 6.910000 0.000000 0.448000 6.069000 40.000000 5.720900 3.000000 233.000000 17.900000 389.390000 9.550000 -0.114604
0.253870 0.000000 6.910000 0.000000 0.448000 5.399000 95.300000 5.870000 3.000000 233.000000 17.900000 396.900000 30.810000 -0.871387
0.053600 21.000000 5.640000 0.000000 0.439000 6.511000 21.100000 6.814700 4.000000 243.000000 16.800000 396.900000 5.280000 0.308304
0.049810 21.000000 5.640000 0.000000 0.439000 5.998000 21.400000 6.814700 4.000000 243.000000 16.800000 396.900000 8.430000 0.130238
0.013600 75.000000 4.000000 0.000000 0.410000 5.888000 47.600000 7.319700 3.000000 469.000000 21.100000 396.900000 14.800000 -0.370575
0.013110 90.000000 1.220000 0.000000 0.403000 7.249000 21.900000 8.696600 5.000000 226.000000 17.900000 395.930000 4.810000 1.465737
0.020550 85.000000 0.740000 0.000000 0.410000 6.383000 35.700000 9.187600 2.000000 313.000000 17.300000 396.900000 5.770000 0.274917
0.171710 25.000000 5.130000 0.000000 0.453000 5.966000 93.400000 6.818500 8.000000 284.000000 19.700000 378.080000 14.440000 -0.693320
0.057890 12.500000 6.070000 0.000000 0.409000 5.878000 21.400000 6.498000 4.000000 345.000000 18.900000 396.210000 8.100000 -0.025571
0.135540 12.500000 6.070000 0.000000 0.409000 5.594000 36.800000 6.498000 4.000000 345.000000 18.900000 396.900000 13.090000 -0.537512
0.088260 0.000000 10.810000 0.000000 0.413000 6.417000 6.600000 5.287300 4.000000 305.000000 19.200000 383.730000 6.720000 0.219271
0.050590 0.000000 4.490000 0.000000 0.449000 6.389000 48.000000 4.779400 3.000000 247.000000 18.500000 396.900000 9.620000 0.185884
0.051880 0.000000 4.490000 0.000000 0.449000 6.015000 45.100000 4.427200 3.000000 247.000000 18.500000 395.990000 12.860000 0.030075
0.039320 0.000000 3.410000 0.000000 0.489000 6.405000 73.900000 3.092100 2.000000 270.000000 17.800000 393.550000 8.200000 -0.025571
0.042940 28.000000 15.040000 0.000000 0.464000 6.249000 77.300000 3.615000 4.000000 270.000000 18.200000 396.900000 10.590000 -0.181379
0.122040 0.000000 2.890000 0.000000 0.445000 6.625000 57.800000 3.495200 2.000000 276.000000 18.000000 357.980000 6.650000 0.686696
0.115040 0.000000 2.890000 0.000000 0.445000 6.163000 69.600000 3.495200 2.000000 276.000000 18.000000 391.830000 11.340000 -0.092346
0.120830 0.000000 2.890000 0.000000 0.445000 8.069000 76.000000 3.495200 2.000000 276.000000 18.000000 396.900000 4.210000 1.833000
0.081870 0.000000 2.890000 0.000000 0.445000 7.820000 36.900000 3.495200 2.000000 276.000000 18.000000 393.530000 3.570000 2.400587
0.068600 0.000000 2.890000 0.000000 0.445000 7.416000 62.500000 3.495200 2.000000 276.000000 18.000000 396.900000 6.190000 1.220896
0.139600 0.000000 8.560000 0.000000 0.520000 6.167000 90.000000 2.421000 5.000000 384.000000 20.900000 392.690000 12.330000 -0.237025
0.132620 0.000000 8.560000 0.000000 0.520000 5.851000 96.700000 2.106900 5.000000 384.000000 20.900000 394.050000 16.470000 -0.303800
0.131170 0.000000 8.560000 0.000000 0.520000 6.127000 85.200000 2.122400 5.000000 384.000000 20.900000 387.690000 14.090000 -0.203637
0.171340 0.000000 10.010000 0.000000 0.547000 5.928000 88.200000 2.463100 6.000000 432.000000 17.800000 344.910000 15.760000 -0.437350
0.131580 0.000000 10.010000 0.000000 0.547000 6.176000 72.500000 2.730100 6.000000 432.000000 17.800000 393.300000 12.040000 -0.114604
0.150380 0.000000 25.650000 0.000000 0.581000 5.856000 97.000000 1.944400 2.000000 188.000000 19.100000 370.310000 25.410000 -0.548641
0.387350 0.000000 25.650000 0.000000 0.581000 5.613000 95.600000 1.757200 2.000000 188.000000 19.100000 359.290000 27.260000 -0.726708
0.340060 0.000000 21.890000 0.000000 0.624000 6.458000 98.900000 2.118500 4.000000 437.000000 21.200000 395.040000 12.600000 -0.337187
0.590050 0.000000 21.890000 0.000000 0.624000 6.372000 97.900000 2.327400 4.000000 437.000000 21.200000 385.760000 11.120000 0.085721
0.544520 0.000000 21.890000 0.000000 0.624000 6.151000 97.900000 1.668700 4.000000 437.000000 21.200000 396.900000 18.460000 -0.492995
2.779740 0.000000 19.580000 0.000000 0.871000 4.903000 97.800000 1.345900 5.000000 403.000000 14.700000 396.900000 29.290000 -1.160745
2.379340 0.000000 19.580000 0.000000 0.871000 6.130000 100.000000 1.419100 5.000000 403.000000 14.700000 172.910000 27.800000 -0.938162
1.656600 0.000000 19.580000 0.000000 0.871000 6.122000 97.300000 1.618000 5.000000 403.000000 14.700000 372.800000 14.100000 -0.081216
1.496320 0.000000 19.580000 0.000000 0.871000 5.404000 100.000000 1.591600 5.000000 403.000000 14.700000 341.600000 13.280000 -0.292671
1.126580 0.000000 19.580000 1.000000 0.871000 5.012000 88.000000 1.610200 5.000000 403.000000 14.700000 343.280000 12.120000 -0.771225
1.413850 0.000000 19.580000 1.000000 0.871000 6.129000 96.000000 1.749400 5.000000 403.000000 14.700000 321.020000 15.120000 -0.582029
1.223580 0.000000 19.580000 0.000000 0.605000 6.943000 97.400000 1.877300 5.000000 403.000000 14.700000 363.430000 4.590000 2.122358
1.342840 0.000000 19.580000 0.000000 0.605000 6.066000 100.000000 1.757300 5.000000 403.000000 14.700000 353.890000 6.430000 0.230400
1.425020 0.000000 19.580000 0.000000 0.871000 6.510000 100.000000 1.765900 5.000000 403.000000 14.700000 364.310000 7.390000 0.119109
2.242360 0.000000 19.580000 0.000000 0.605000 5.854000 91.800000 2.422000 5.000000 403.000000 14.700000 395.110000 11.640000 0.052334
0.139140 0.000000 4.050000 0.000000 0.510000 5.572000 88.500000 2.596100 5.000000 296.000000 16.600000 396.900000 14.690000 0.096850
0.091780 0.000000 4.050000 0.000000 0.510000 6.416000 84.100000 2.646300 5.000000 296.000000 16.600000 395.500000 9.040000 0.152496
0.070220 0.000000 4.050000 0.000000 0.510000 6.020000 47.200000 3.554900 5.000000 296.000000 16.600000 393.230000 10.110000 0.107979
0.065880 0.000000 2.460000 0.000000 0.488000 7.765000 83.300000 2.741000 3.000000 193.000000 17.800000 395.560000 7.560000 1.955421
0.100080 0.000000 2.460000 0.000000 0.488000 6.563000 95.600000 2.847000 3.000000 193.000000 17.800000 396.900000 5.680000 1.142992
0.083080 0.000000 2.460000 0.000000 0.488000 5.604000 89.800000 2.987900 3.000000 193.000000 17.800000 391.000000 13.980000 0.464113
0.060470 0.000000 2.460000 0.000000 0.488000 6.153000 68.800000 3.279700 3.000000 193.000000 17.800000 387.110000 13.150000 0.820246
0.078750 45.000000 3.440000 0.000000 0.437000 6.782000 41.100000 3.788600 5.000000 398.000000 15.200000 393.870000 6.680000 1.087346
0.090680 45.000000 3.440000 0.000000 0.437000 6.951000 21.500000 6.479800 5.000000 398.000000 15.200000 377.680000 5.100000 1.643804
0.021870 60.000000 2.930000 0.000000 0.401000 6.800000 9.900000 6.219600 1.000000 265.000000 15.600000 393.370000 5.030000 0.987183
0.017780 95.000000 1.470000 0.000000 0.403000 7.135000 13.900000 7.653400 3.000000 402.000000 17.000000 384.300000 4.450000 1.187508
0.034450 82.500000 2.030000 0.000000 0.415000 6.162000 38.400000 6.270000 2.000000 348.000000 14.700000 393.770000 7.430000 0.208142
0.020090 95.000000 2.680000 0.000000 0.416100 8.034000 31.900000 5.118000 4.000000 224.000000 14.700000 390.550000 2.880000 3.090595
0.251990 0.000000 10.590000 0.000000 0.489000 5.783000 72.700000 4.354900 4.000000 277.000000 18.600000 389.430000 18.060000 0.030075
0.435710 0.000000 10.590000 1.000000 0.489000 5.344000 100.000000 3.875000 4.000000 277.000000 18.600000 396.900000 23.090000 -0.248154
0.375780 0.000000 10.590000 1.000000 0.489000 5.404000 88.600000 3.665000 4.000000 277.000000 18.600000 395.240000 23.980000 -0.326058
0.217190 0.000000 10.590000 1.000000 0.489000 5.807000 53.800000 3.652600 4.000000 277.000000 18.600000 390.940000 16.030000 0.018946
0.289550 0.000000 10.590000 0.000000 0.489000 5.412000 9.800000 3.587500 4.000000 277.000000 18.600000 348.930000 29.550000 0.163625
0.407710 0.000000 6.200000 1.000000 0.507000 6.164000 91.300000 3.048000 8.000000 307.000000 17.400000 395.240000 21.460000 -0.058958
0.623560 0.000000 6.200000 1.000000 0.507000 6.879000 77.700000 3.272100 8.000000 307.000000 17.400000 390.390000 9.930000 0.586533
0.614700 0.000000 6.200000 0.000000 0.507000 6.618000 80.800000 3.272100 8.000000 307.000000 17.400000 396.900000 7.600000 0.875892
0.298190 0.000000 6.200000 0.000000 0.504000 7.686000 17.000000 3.375100 8.000000 307.000000 17.400000 377.510000 3.920000 2.723333
0.537000 0.000000 6.200000 0.000000 0.504000 5.981000 68.100000 3.671500 8.000000 307.000000 17.400000 378.350000 11.650000 0.230400
0.462960 0.000000 6.200000 0.000000 0.504000 7.412000 76.900000 3.671500 8.000000 307.000000 17.400000 376.140000 5.250000 1.053958
0.520580 0.000000 6.200000 1.000000 0.507000 6.631000 76.500000 4.148000 8.000000 307.000000 17.400000 388.450000 9.540000 0.319433
0.082440 30.000000 4.930000 0.000000 0.428000 6.481000 18.500000 6.189900 6.000000 300.000000 16.600000 379.410000 6.360000 0.163625
0.113290 30.000000 4.930000 0.000000 0.428000 6.897000 54.300000 6.336100 6.000000 300.000000 16.600000 391.250000 11.380000 -0.025571
0.106120 30.000000 4.930000 0.000000 0.428000 6.095000 65.100000 6.336100 6.000000 300.000000 16.600000 394.620000 12.400000 -0.237025
0.206080 22.000000 5.860000 0.000000 0.431000 5.593000 76.500000 7.954900 7.000000 330.000000 19.100000 372.490000 12.500000 -0.515254
0.191330 22.000000 5.860000 0.000000 0.431000 5.605000 70.200000 7.954900 7.000000 330.000000 19.100000 389.130000 18.460000 -0.415091
0.196570 22.000000 5.860000 0.000000 0.431000 6.226000 79.200000 8.055500 7.000000 330.000000 19.100000 376.140000 10.150000 -0.192508
0.368940 22.000000 5.860000 0.000000 0.431000 8.259000 8.400000 8.906700 7.000000 330.000000 19.100000 396.900000 3.540000 2.289295
0.048190 80.000000 3.640000 0.000000 0.392000 6.108000 32.000000 9.220300 1.000000 315.000000 16.400000 392.890000 6.570000 -0.036700
0.015380 90.000000 3.750000 0.000000 0.394000 7.454000 34.200000 6.336100 3.000000 244.000000 15.900000 386.340000 3.110000 2.422845
0.611540 20.000000 3.970000 0.000000 0.647000 8.704000 86.900000 1.801000 5.000000 264.000000 13.000000 389.700000 5.120000 3.090595
0.656650 20.000000 3.970000 0.000000 0.647000 6.842000 100.000000 2.010700 5.000000 264.000000 13.000000 391.930000 6.900000 0.875892
0.785700 20.000000 3.970000 0.000000 0.647000 7.014000 84.600000 2.132900 5.000000 264.000000 13.000000 384.070000 14.790000 0.942667
0.221880 20.000000 6.960000 1.000000 0.464000 7.691000 51.800000 4.366500 3.000000 223.000000 18.600000 390.770000 6.580000 1.443479
0.079780 40.000000 6.410000 0.000000 0.447000 6.482000 32.100000 4.140300 4.000000 254.000000 17.600000 396.900000 7.190000 0.764600
0.210380 20.000000 3.330000 0.000000 0.442900 6.812000 32.200000 4.100700 5.000000 216.000000 14.900000 396.900000 4.850000 1.432350
0.037050 20.000000 3.330000 0.000000 0.442900 6.968000 37.200000 5.244700 5.000000 216.000000 14.900000 392.230000 4.590000 1.465737
0.015010 90.000000 1.210000 1.000000 0.401000 7.923000 24.800000 5.885000 1.000000 198.000000 13.600000 395.520000 3.160000 3.090595
0.036150 80.000000 4.950000 0.000000 0.411000 6.630000 23.400000 5.116700 4.000000 245.000000 19.200000 396.900000 4.700000 0.631050
0.141030 0.000000 13.920000 0.000000 0.437000 5.790000 58.000000 6.320000 4.000000 289.000000 16.000000 396.900000 15.840000 -0.214766
0.064660 70.000000 2.240000 0.000000 0.400000 6.345000 20.100000 7.827800 5.000000 358.000000 14.800000 368.240000 4.970000 0.030075
0.092660 34.000000 6.090000 0.000000 0.433000 6.495000 18.400000 5.491700 7.000000 329.000000 16.100000 383.610000 8.670000 0.464113
0.049320 33.000000 2.180000 0.000000 0.472000 6.849000 70.300000 3.182700 7.000000 222.000000 18.400000 396.900000 7.530000 0.664438
2.635480 0.000000 9.900000 0.000000 0.544000 4.973000 37.800000 2.519400 4.000000 304.000000 18.400000 350.450000 12.640000 -0.682191
0.369200 0.000000 9.900000 0.000000 0.544000 6.567000 87.300000 3.602300 4.000000 304.000000 18.400000 395.690000 9.280000 0.174754
0.253560 0.000000 9.900000 0.000000 0.544000 5.705000 77.700000 3.945000 4.000000 304.000000 18.400000 396.420000 11.500000 -0.671062
0.318270 0.000000 9.900000 0.000000 0.544000 5.914000 83.200000 3.998600 4.000000 304.000000 18.400000 390.700000 18.330000 -0.492995
0.245220 0.000000 9.900000 0.000000 0.544000 5.782000 71.700000 4.031700 4.000000 304.000000 18.400000 396.900000 15.940000 -0.270412
0.475470 0.000000 9.900000 0.000000 0.544000 6.113000 58.800000 4.001900 4.000000 304.000000 18.400000 396.230000 12.730000 -0.136862
0.167600 0.000000 7.380000 0.000000 0.493000 6.426000 52.300000 4.540400 5.000000 287.000000 19.600000 396.900000 7.200000 0.174754
0.351140 0.000000 7.380000 0.000000 0.493000 6.041000 49.900000 4.721100 5.000000 287.000000 19.600000 396.900000 7.700000 -0.203637
0.303470 0.000000 7.380000 0.000000 0.493000 6.312000 28.900000 5.415900 5.000000 287.000000 19.600000 396.900000 6.150000 0.085721
0.241030 0.000000 7.380000 0.000000 0.493000 6.083000 43.700000 5.415900 5.000000 287.000000 19.600000 396.900000 12.790000 -0.003312
0.067240 0.000000 3.240000 0.000000 0.460000 6.333000 17.200000 5.214600 4.000000 430.000000 16.900000 375.210000 7.340000 0.041204
0.030410 0.000000 5.190000 0.000000 0.515000 5.895000 59.600000 5.615000 5.000000 224.000000 20.200000 394.810000 10.560000 -0.415091
0.054970 0.000000 5.190000 0.000000 0.515000 5.985000 45.400000 4.812200 5.000000 224.000000 20.200000 396.900000 9.740000 -0.359445
0.013010 35.000000 1.520000 0.000000 0.442000 7.241000 49.300000 7.037900 1.000000 284.000000 15.500000 394.740000 5.490000 1.165250
0.025430 55.000000 3.780000 0.000000 0.484000 6.696000 56.400000 5.732100 5.000000 370.000000 17.600000 396.900000 7.180000 0.185884
0.030490 55.000000 3.780000 0.000000 0.484000 6.874000 28.100000 6.465400 5.000000 370.000000 17.600000 387.970000 4.610000 0.998312
0.061620 0.000000 4.390000 0.000000 0.442000 5.898000 52.300000 8.013600 3.000000 352.000000 18.800000 364.610000 12.670000 -0.559770
0.018700 85.000000 4.150000 0.000000 0.429000 6.516000 27.700000 8.535300 4.000000 351.000000 17.900000 392.430000 6.360000 0.096850
0.028990 40.000000 1.250000 0.000000 0.429000 6.939000 34.500000 8.792100 1.000000 335.000000 19.700000 389.850000 5.890000 0.486371
0.017090 90.000000 2.020000 0.000000 0.410000 6.728000 36.100000 12.126500 5.000000 187.000000 17.000000 384.460000 4.500000 0.875892
0.043010 80.000000 1.910000 0.000000 0.413000 5.663000 21.900000 10.585700 4.000000 334.000000 22.000000 382.800000 8.050000 -0.448479
4.541920 0.000000 18.100000 0.000000 0.770000 6.398000 88.000000 2.518200 24.000000 666.000000 20.200000 374.560000 7.790000 0.308304
3.678220 0.000000 18.100000 0.000000 0.770000 5.362000 96.200000 2.103600 24.000000 666.000000 20.200000 380.790000 10.190000 -0.159121
3.474280 0.000000 18.100000 1.000000 0.718000 8.780000 82.900000 1.904700 24.000000 666.000000 20.200000 354.550000 5.290000 -0.036700
4.555870 0.000000 18.100000 0.000000 0.718000 3.561000 87.900000 1.613200 24.000000 666.000000 20.200000 354.700000 7.120000 0.586533
5.669980 0.000000 18.100000 1.000000 0.631000 6.683000 96.800000 1.356700 24.000000 666.000000 20.200000 375.330000 3.730000 3.090595
15.288000 0.000000 18.100000 0.000000 0.671000 6.649000 93.300000 1.344900 24.000000 666.000000 20.200000 363.020000 23.240000 -0.927033
9.823490 0.000000 18.100000 0.000000 0.671000 6.794000 98.800000 1.358000 24.000000 666.000000 20.200000 396.900000 21.240000 -0.993808
88.976200 0.000000 18.100000 0.000000 0.671000 6.968000 91.900000 1.416500 24.000000 666.000000 20.200000 396.900000 17.210000 -1.316554
15.874400 0.000000 18.100000 0.000000 0.671000 6.545000 99.100000 1.519200 24.000000 666.000000 20.200000 396.900000 21.080000 -1.260908
16.811800 0.000000 18.100000 0.000000 0.700000 5.277000 98.100000 1.426100 24.000000 666.000000 20.200000 396.900000 30.810000 -1.672687
22.597100 0.000000 18.100000 0.000000 0.700000 5.000000 89.500000 1.518400 24.000000 666.000000 20.200000 396.900000 31.990000 -1.650428
6.962150 0.000000 18.100000 0.000000 0.700000 5.713000 97.000000 1.926500 24.000000 666.000000 20.200000 394.430000 17.110000 -0.793483
8.644760 0.000000 18.100000 0.000000 0.693000 6.193000 92.600000 1.791200 24.000000 666.000000 20.200000 396.900000 15.170000 -0.938162
38.351800 0.000000 18.100000 0.000000 0.693000 5.453000 100.000000 1.489600 24.000000 666.000000 20.200000 396.900000 30.590000 -1.917528
9.595710 0.000000 18.100000 0.000000 0.693000 6.404000 100.000000 1.639000 24.000000 666.000000 20.200000 376.110000 20.310000 -1.127358
41.529200 0.000000 18.100000 0.000000 0.693000 5.531000 85.400000 1.607400 24.000000 666.000000 20.200000 329.460000 27.380000 -1.528008
67.920800 0.000000 18.100000 0.000000 0.693000 5.683000 100.000000 1.425400 24.000000 666.000000 20.200000 384.970000 22.980000 -1.917528
14.438300 0.000000 18.100000 0.000000 0.597000 6.852000 100.000000 1.465500 24.000000 666.000000 20.200000 179.360000 19.780000 0.586533
7.022590 0.000000 18.100000 0.000000 0.718000 6.006000 95.300000 1.874600 24.000000 666.000000 20.200000 319.980000 15.700000 -0.893645
12.048200 0.000000 18.100000 0.000000 0.614000 5.648000 87.600000 1.951200 24.000000 666.000000 20.200000 291.550000 14.100000 -0.159121
7.050420 0.000000 18.100000 0.000000 0.614000 6.103000 85.100000 2.021800 24.000000 666.000000 20.200000 2.520000 23.290000 -0.982679
8.792120 0.000000 18.100000 0.000000 0.584000 5.565000 70.600000 2.063500 24.000000 666.000000 20.200000 3.650000 17.160000 -1.171874
15.860300 0.000000 18.100000 0.000000 0.679000 5.896000 95.400000 1.909600 24.000000 666.000000 20.200000 7.680000 24.390000 -1.550266
37.661900 0.000000 18.100000 0.000000 0.679000 6.202000 78.700000 1.862900 24.000000 666.000000 20.200000 18.820000 14.520000 -1.260908
7.367110 0.000000 18.100000 0.000000 0.679000 6.193000 78.100000 1.935600 24.000000 666.000000 20.200000 96.730000 21.520000 -1.249779
8.492130 0.000000 18.100000 0.000000 0.584000 6.348000 86.100000 2.052700 24.000000 666.000000 20.200000 83.450000 17.640000 -0.860258
5.581070 0.000000 18.100000 0.000000 0.713000 6.436000 87.900000 2.315800 24.000000 666.000000 20.200000 100.190000 16.220000 -0.882516
13.913400 0.000000 18.100000 0.000000 0.713000 6.208000 95.000000 2.222200 24.000000 666.000000 20.200000 100.630000 15.170000 -1.171874
11.160400 0.000000 18.100000 0.000000 0.740000 6.629000 94.600000 2.124700 24.000000 666.000000 20.200000 109.850000 23.270000 -0.982679
15.177200 0.000000 18.100000 0.000000 0.740000 6.152000 100.000000 1.914200 24.000000 666.000000 20.200000 9.320000 26.450000 -1.505749
9.390630 0.000000 18.100000 0.000000 0.740000 5.627000 93.900000 1.817200 24.000000 666.000000 20.200000 396.900000 22.880000 -1.049454
22.051100 0.000000 18.100000 0.000000 0.740000 5.818000 92.400000 1.866200 24.000000 666.000000 20.200000 391.450000 22.110000 -1.305424
9.966540 0.000000 18.100000 0.000000 0.740000 6.485000 100.000000 1.978400 24.000000 666.000000 20.200000 386.730000 18.850000 -0.760095
4.752370 0.000000 18.100000 0.000000 0.713000 6.525000 86.500000 2.435800 24.000000 666.000000 20.200000 50.920000 18.130000 -0.904775
4.668830 0.000000 18.100000 0.000000 0.713000 5.976000 87.900000 2.580600 24.000000 666.000000 20.200000 10.480000 19.010000 -1.060583
8.200580 0.000000 18.100000 0.000000 0.713000 5.936000 80.300000 2.779200 24.000000 666.000000 20.200000 3.500000 16.940000 -0.971549
7.752230 0.000000 18.100000 0.000000 0.713000 6.301000 83.700000 2.783100 24.000000 666.000000 20.200000 272.210000 16.230000 -0.815741
3.693110 0.000000 18.100000 0.000000 0.713000 6.376000 88.400000 2.567100 24.000000 666.000000 20.200000 391.430000 14.650000 -0.504125
3.163600 0.000000 18.100000 0.000000 0.655000 5.759000 48.200000 3.066500 24.000000 666.000000 20.200000 334.400000 14.130000 -0.259283
4.422280 0.000000 18.100000 0.000000 0.584000 6.003000 94.500000 2.540300 24.000000 666.000000 20.200000 331.290000 21.320000 -0.348316
8.055790 0.000000 18.100000 0.000000 0.584000 5.427000 95.400000 2.429800 24.000000 666.000000 20.200000 352.580000 18.140000 -0.938162
5.824010 0.000000 18.100000 0.000000 0.532000 6.242000 64.700000 3.424200 24.000000 666.000000 20.200000 396.900000 10.740000 0.085721
5.708180 0.000000 18.100000 0.000000 0.532000 6.750000 74.900000 3.331700 24.000000 666.000000 20.200000 393.070000 7.740000 0.163625
0.183370 0.000000 27.740000 0.000000 0.609000 5.414000 98.300000 1.755400 4.000000 711.000000 20.100000 344.050000 23.970000 -1.694945
0.173310 0.000000 9.690000 0.000000 0.585000 5.707000 54.000000 2.381700 6.000000 391.000000 19.200000 396.900000 12.010000 -0.047829
0.239120 0.000000 9.690000 0.000000 0.585000 6.019000 65.300000 2.409100 6.000000 391.000000 19.200000 396.900000 12.920000 -0.114604
0.177830 0.000000 9.690000 0.000000 0.585000 5.569000 73.500000 2.399900 6.000000 391.000000 19.200000 395.770000 15.100000 -0.526383
0.062630 0.000000 11.930000 0.000000 0.573000 6.593000 69.100000 2.478600 1.000000 273.000000 21.000000 391.990000 9.670000 0.018946
0.045270 0.000000 11.930000 0.000000 0.573000 6.120000 76.700000 2.287500 1.000000 273.000000 21.000000 396.900000 9.080000 -0.181379
