6.000000 148.000000 72.000000 35.000000 0.000000 33.600000 0.627000 50.000000 1
1.000000 85.000000 66.000000 29.000000 0.000000 26.600000 0.351000 31.000000 0
8.000000 183.000000 64.000000 0.000000 0.000000 23.300000 0.672000 32.000000 1
1.000000 89.000000 66.000000 23.000000 94.000000 28.100000 0.167000 21.000000 0
0.000000 137.000000 40.000000 35.000000 168.000000 43.100000 2.288000 33.000000 1
10.000000 139.000000 80.000000 0.000000 0.000000 27.100000 1.441000 57.000000 0
5.000000 166.000000 72.000000 19.000000 175.000000 25.800000 0.587000 51.000000 1
0.000000 118.000000 84.000000 47.000000 230.000000 45.800000 0.551000 31.000000 1
7.000000 107.000000 74.000000 0.000000 0.000000 29.600000 0.254000 31.000000 1
1.000000 103.000000 30.000000 38.000000 83.000000 43.300000 0.183000 33.000000 0
1.000000 115.000000 70.000000 30.000000 96.000000 34.600000 0.529000 32.000000 1
3.000000 126.000000 88.000000 41.000000 235.000000 39.300000 0.704000 27.000000 0
10.000000 125.000000 70.000000 26.000000 115.000000 31.100000 0.205000 41.000000 1
5.000000 109.000000 75.000000 26.000000 0.000000 36.000000 0.546000 60.000000 0
3.000000 88.000000 58.000000 11.000000 54.000000 24.800000 0.267000 22.000000 0
10.000000 122.000000 78.000000 31.000000 0.000000 27.600000 0.512000 45.000000 0
1.000000 73.000000 50.000000 10.000000 0.000000 23.000000 0.248000 21.000000 0
2.000000 141.000000 58.000000 34.000000 128.000000 25.400000 0.699000 24.000000 0
5.000000 99.000000 74.000000 27.000000 0.000000 29.000000 0.203000 32.000000 0
0.000000 109.000000 88.000000 30.000000 0.000000 32.500000 0.855000 38.000000 1
1.000000 95.000000 66.000000 13.000000 38.000000 19.600000 0.334000 25.000000 0
4.000000 146.000000 85.000000 27.000000 100.000000 28.900000 0.189000 27.000000 0
5.000000 139.000000 64.000000 35.000000 140.000000 28.600000 0.411000 26.000000 0
4.000000 129.000000 86.000000 20.000000 270.000000 35.100000 0.231000 23.000000 0
7.000000 62.000000 78.000000 0.000000 0.000000 32.600000 0.391000 41.000000 0
2.000000 74.000000 0.000000 0.000000 0.000000 0.000000 0.102000 22.000000 0
7.000000 83.000000 78.000000 26.000000 71.000000 29.300000 0.767000 36.000000 0
2.000000 110.000000 74.000000 29.000000 125.000000 32.400000 0.698000 27.000000 0
13.000000 106.000000 72.000000 54.000000 0.000000 36.600000 0.178000 45.000000 0
2.000000 100.000000 68.000000 25.000000 71.000000 38.500000 0.324000 26.000000 0
15.000000 136.000000 70.000000 32.000000 110.000000 37.100000 0.153000 43.000000 1
7.000000 81.000000 78.000000 40.000000 48.000000 46.700000 0.261000 42.000000 0
4.000000 134.000000 72.000000 0.000000 0.000000 23.800000 0.277000 60.000000 1
2.000000 142.000000 82.000000 18.000000 64.000000 24.700000 0.761000 21.000000 0
6.000000 144.000000 72.000000 27.000000 228.000000 33.900000 0.255000 40.000000 0
2.000000 92.000000 62.000000 28.000000 0.000000 31.600000 0.130000 24.000000 0
1.000000 122.000000 90.000000 51.000000 220.000000 49.700000 0.325000 31.000000 1
1.000000 163.000000 72.000000 0.000000 0.000000 39.000000 1.222000 33.000000 1
1.000000 81.000000 72.000000 18.000000 40.000000 26.600000 0.283000 24.000000 0
1.000000 89.000000 76.000000 34.000000 37.000000 31.200000 0.192000 23.000000 0
0.000000 162.000000 76.000000 56.000000 100.000000 53.200000 0.759000 25.000000 1
2.000000 107.000000 74.000000 30.000000 100.000000 33.600000 0.404000 23.000000 0
3.000000 120.000000 70.000000 30.000000 135.000000 42.900000 0.452000 30.000000 0
1.000000 117.000000 88.000000 24.000000 145.000000 34.500000 0.403000 40.000000 1
3.000000 170.000000 64.000000 37.000000 225.000000 34.500000 0.356000 30.000000 1
2.000000 96.000000 68.000000 13.000000 49.000000 21.100000 0.647000 26.000000 0
0.000000 93.000000 60.000000 25.000000 92.000000 28.700000 0.532000 22.000000 0
0.000000 129.000000 80.000000 0.000000 0.000000 31.200000 0.703000 29.000000 0
9.000000 57.000000 80.000000 37.000000 0.000000 32.800000 0.096000 41.000000 0
9.000000 156.000000 86.000000 28.000000 155.000000 34.300000 1.189000 42.000000 1
1.000000 153.000000 82.000000 42.000000 485.000000 40.600000 0.687000 23.000000 0
0.000000 131.000000 88.000000 0.000000 0.000000 31.600000 0.743000 32.000000 1
6.000000 104.000000 74.000000 18.000000 156.000000 29.900000 0.722000 41.000000 1
3.000000 148.000000 66.000000 25.000000 0.000000 32.500000 0.256000 22.000000 0
6.000000 102.000000 82.000000 0.000000 0.000000 30.800000 0.180000 36.000000 1
2.000000 75.000000 64.000000 24.000000 55.000000 29.700000 0.370000 33.000000 0
0.000000 129.000000 110.000000 46.000000 130.000000 67.100000 0.319000 26.000000 1
5.000000 73.000000 60.000000 0.000000 0.000000 26.800000 0.268000 27.000000 0
7.000000 194.000000 68.000000 28.000000 0.000000 35.900000 0.745000 41.000000 1
1.000000 128.000000 98.000000 41.000000 58.000000 32.000000 1.321000 33.000000 1
8.000000 109.000000 76.000000 39.000000 114.000000 27.900000 0.640000 31.000000 1
5.000000 139.000000 80.000000 35.000000 160.000000 31.600000 0.361000 25.000000 1
3.000000 111.000000 62.000000 0.000000 0.000000 22.600000 0.142000 21.000000 0
7.000000 159.000000 66.000000 0.000000 0.000000 30.400000 0.383000 36.000000 1
1.000000 105.000000 58.000000 0.000000 0.000000 24.300000 0.187000 21.000000 0
4.000000 109.000000 64.000000 44.000000 99.000000 34.800000 0.905000 26.000000 1
4.000000 148.000000 60.000000 27.000000 318.000000 30.900000 0.150000 29.000000 1
0.000000 113.000000 80.000000 16.000000 0.000000 31.000000 0.874000 21.000000 0
1.000000 138.000000 82.000000 0.000000 0.000000 40.100000 0.236000 28.000000 0
5.000000 111.000000 72.000000 28.000000 0.000000 23.900000 0.407000 27.000000 0
9.000000 112.000000 82.000000 32.000000 175.000000 34.200000 0.260000 36.000000 1
6.000000 125.000000 68.000000 30.000000 120.000000 30.000000 0.464000 32.000000 0
0.000000 177.000000 60.000000 29.000000 478.000000 34.600000 1.072000 21.000000 1
1.000000 79.000000 80.000000 25.000000 37.000000 25.400000 0.583000 22.000000 0
4.000000 122.000000 68.000000 0.000000 0.000000 35.000000 0.394000 29.000000 0
4.000000 171.000000 72.000000 0.000000 0.000000 43.600000 0.479000 26.000000 1
9.000000 164.000000 84.000000 21.000000 0.000000 30.800000 0.831000 32.000000 1
0.000000 104.000000 76.000000 0.000000 0.000000 18.400000 0.582000 27.000000 0
10.000000 122.000000 68.000000 0.000000 0.000000 31.200000 0.258000 41.000000 0
2.000000 129.000000 84.000000 0.000000 0.000000 28.000000 0.284000 27.000000 0
2.000000 90.000000 80.000000 14.000000 55.000000 24.400000 0.249000 24.000000 0
1.000000 193.000000 50.000000 16.000000 375.000000 25.900000 0.655000 24.000000 0
3.000000 191.000000 68.000000 15.000000 130.000000 30.900000 0.299000 34.000000 0
3.000000 142.000000 80.000000 15.000000 0.000000 32.400000 0.200000 63.000000 0
4.000000 123.000000 62.000000 0.000000 0.000000 32.000000 0.226000 35.000000 1
0.000000 138.000000 0.000000 0.000000 0.000000 36.300000 0.933000 25.000000 1
10.000000 101.000000 86.000000 37.000000 0.000000 45.600000 1.136000 38.000000 1
3.000000 122.000000 78.000000 0.000000 0.000000 23.000000 0.254000 40.000000 0
13.000000 106.000000 70.000000 0.000000 0.000000 34.200000 0.251000 52.000000 0
7.000000 106.000000 60.000000 24.000000 0.000000 26.500000 0.296000 29.000000 1
0.000000 146.000000 70.000000 0.000000 0.000000 37.900000 0.334000 28.000000 1
1.000000 119.000000 86.000000 39.000000 220.000000 45.600000 0.808000 29.000000 1
2.000000 128.000000 78.000000 37.000000 182.000000 43.300000 1.224000 31.000000 1
1.000000 128.000000 48.000000 45.000000 194.000000 40.500000 0.613000 24.000000 1
0.000000 161.000000 50.000000 0.000000 0.000000 21.900000 0.254000 65.000000 0
5.000000 115.000000 98.000000 0.000000 0.000000 52.900000 0.209000 28.000000 1
2.000000 120.000000 76.000000 37.000000 105.000000 39.700000 0.215000 29.000000 0
0.000000 128.000000 68.000000 19.000000 180.000000 30.500000 1.391000 25.000000 1
6.000000 194.000000 78.000000 0.000000 0.000000 23.500000 0.129000 59.000000 1
0.000000 124.000000 70.000000 20.000000 0.000000 27.400000 0.254000 36.000000 1
1.000000 157.000000 72.000000 21.000000 168.000000 25.600000 0.123000 24.000000 0
1.000000 122.000000 64.000000 32.000000 156.000000 35.100000 0.692000 30.000000 1
6.000000 105.000000 70.000000 32.000000 68.000000 30.800000 0.122000 37.000000 0
5.000000 115.000000 76.000000 0.000000 0.000000 31.200000 0.343000 44.000000 1
9.000000 152.000000 78.000000 34.000000 171.000000 34.200000 0.893000 33.000000 1
1.000000 0.000000 68.000000 35.000000 0.000000 32.000000 0.389000 22.000000 0
8.000000 95.000000 72.000000 0.000000 0.000000 36.800000 0.485000 57.000000 0
8.000000 126.000000 88.000000 36.000000 108.000000 38.500000 0.349000 49.000000 0
1.000000 139.000000 46.000000 19.000000 83.000000 28.700000 0.654000 22.000000 0
5.000000 0.000000 80.000000 32.000000 0.000000 41.000000 0.346000 37.000000 1
4.000000 92.000000 80.000000 0.000000 0.000000 42.200000 0.237000 29.000000 0
3.000000 61.000000 82.000000 28.000000 0.000000 34.400000 0.243000 46.000000 0
1.000000 90.000000 62.000000 12.000000 43.000000 27.200000 0.580000 24.000000 0
4.000000 147.000000 74.000000 25.000000 293.000000 34.900000 0.385000 30.000000 0
5.000000 99.000000 54.000000 28.000000 83.000000 34.000000 0.499000 30.000000 0
6.000000 124.000000 72.000000 0.000000 0.000000 27.600000 0.368000 29.000000 1
3.000000 81.000000 86.000000 16.000000 66.000000 27.500000 0.306000 22.000000 0
1.000000 133.000000 102.000000 28.000000 140.000000 32.800000 0.234000 45.000000 1
0.000000 98.000000 82.000000 15.000000 84.000000 25.200000 0.299000 22.000000 0
1.000000 119.000000 54.000000 13.000000 50.000000 22.300000 0.205000 24.000000 0
5.000000 144.000000 82.000000 26.000000 285.000000 32.000000 0.452000 58.000000 1
2.000000 127.000000 58.000000 24.000000 275.000000 27.700000 1.600000 25.000000 0
0.000000 131.000000 66.000000 40.000000 0.000000 34.300000 0.196000 22.000000 1
9.000000 72.000000 78.000000 25.000000 0.000000 31.600000 0.280000 38.000000 0
5.000000 168.000000 64.000000 0.000000 0.000000 32.900000 0.135000 41.000000 1
1.000000 172.000000 68.000000 49.000000 579.000000 42.400000 0.702000 28.000000 1
6.000000 102.000000 90.000000 39.000000 0.000000 35.700000 0.674000 28.000000 0
1.000000 143.000000 74.000000 22.000000 61.000000 26.200000 0.256000 21.000000 0
0.000000 138.000000 60.000000 35.000000 167.000000 34.600000 0.534000 21.000000 1
1.000000 97.000000 68.000000 21.000000 0.000000 27.200000 1.095000 22.000000 0
0.000000 102.000000 64.000000 46.000000 78.000000 40.600000 0.496000 21.000000 0
1.000000 181.000000 64.000000 30.000000 180.000000 34.100000 0.328000 38.000000 1
1.000000 95.000000 82.000000 25.000000 180.000000 35.000000 0.233000 43.000000 1
2.000000 139.000000 75.000000 0.000000 0.000000 25.600000 0.167000 29.000000 0
1.000000 90.000000 68.000000 8.000000 0.000000 24.500000 1.138000 36.000000 0
5.000000 147.000000 75.000000 0.000000 0.000000 29.900000 0.434000 28.000000 0
1.000000 97.000000 70.000000 15.000000 0.000000 18.200000 0.147000 21.000000 0
6.000000 107.000000 88.000000 0.000000 0.000000 36.800000 0.727000 31.000000 0
2.000000 83.000000 66.000000 23.000000 50.000000 32.200000 0.497000 22.000000 0
1.000000 100.000000 72.000000 12.000000 70.000000 25.300000 0.658000 28.000000 0
0.000000 95.000000 80.000000 45.000000 92.000000 36.500000 0.330000 26.000000 0
0.000000 104.000000 64.000000 37.000000 64.000000 33.600000 0.510000 22.000000 1
1.000000 82.000000 64.000000 13.000000 95.000000 21.200000 0.415000 23.000000 0
2.000000 134.000000 70.000000 0.000000 0.000000 28.900000 0.542000 23.000000 1
1.000000 135.000000 54.000000 0.000000 0.000000 26.700000 0.687000 62.000000 0
9.000000 134.000000 74.000000 33.000000 60.000000 25.900000 0.460000 81.000000 0
1.000000 71.000000 62.000000 0.000000 0.000000 21.800000 0.416000 26.000000 0
0.000000 74.000000 52.000000 10.000000 36.000000 27.800000 0.269000 22.000000 0
0.000000 97.000000 64.000000 36.000000 100.000000 36.800000 0.600000 25.000000 0
6.000000 154.000000 78.000000 41.000000 140.000000 46.100000 0.571000 27.000000 0
0.000000 119.000000 66.000000 27.000000 0.000000 38.800000 0.259000 22.000000 0
2.000000 105.000000 80.000000 45.000000 191.000000 33.700000 0.711000 29.000000 1
0.000000 84.000000 82.000000 31.000000 125.000000 38.200000 0.233000 23.000000 0
4.000000 125.000000 70.000000 18.000000 122.000000 28.900000 1.144000 45.000000 1
6.000000 154.000000 74.000000 32.000000 193.000000 29.300000 0.839000 39.000000 0
7.000000 94.000000 64.000000 25.000000 79.000000 33.300000 0.738000 41.000000 0
0.000000 180.000000 90.000000 26.000000 90.000000 36.500000 0.314000 35.000000 1
2.000000 84.000000 50.000000 23.000000 76.000000 30.400000 0.968000 21.000000 0
9.000000 145.000000 88.000000 34.000000 165.000000 30.300000 0.771000 53.000000 1
3.000000 116.000000 74.000000 15.000000 105.000000 26.300000 0.107000 24.000000 0
4.000000 132.000000 0.000000 0.000000 0.000000 32.900000 0.302000 23.000000 1
0.000000 105.000000 90.000000 0.000000 0.000000 29.600000 0.197000 46.000000 0
10.000000 90.000000 85.000000 32.000000 0.000000 34.900000 0.825000 56.000000 1
1.000000 88.000000 78.000000 29.000000 76.000000 32.000000 0.365000 29.000000 0
8.000000 186.000000 90.000000 35.000000 225.000000 34.500000 0.423000 37.000000 1
4.000000 131.000000 68.000000 21.000000 166.000000 33.100000 0.160000 28.000000 0
1.000000 164.000000 82.000000 43.000000 67.000000 32.800000 0.341000 50.000000 0
6.000000 114.000000 88.000000 0.000000 0.000000 27.800000 0.247000 66.000000 0
1.000000 84.000000 64.000000 23.000000 115.000000 36.900000 0.471000 28.000000 0
8.000000 110.000000 76.000000 0.000000 0.000000 27.800000 0.237000 58.000000 0
6.000000 99.000000 60.000000 19.000000 54.000000 26.900000 0.497000 32.000000 0
0.000000 91.000000 80.000000 0.000000 0.000000 32.400000 0.601000 27.000000 0
1.000000 99.000000 72.000000 30.000000 18.000000 38.600000 0.412000 21.000000 0
2.000000 130.000000 96.000000 0.000000 0.000000 22.600000 0.268000 21.000000 0
1.000000 119.000000 44.000000 47.000000 63.000000 35.500000 0.280000 25.000000 0
10.000000 133.000000 68.000000 0.000000 0.000000 27.000000 0.245000 36.000000 0
6.000000 109.000000 60.000000 27.000000 0.000000 25.000000 0.206000 27.000000 0
1.000000 93.000000 56.000000 11.000000 0.000000 22.500000 0.417000 22.000000 0
8.000000 143.000000 66.000000 0.000000 0.000000 34.900000 0.129000 41.000000 1
11.000000 111.000000 84.000000 40.000000 0.000000 46.800000 0.925000 45.000000 1
2.000000 112.000000 78.000000 50.000000 140.000000 39.400000 0.175000 24.000000 0
2.000000 82.000000 52.000000 22.000000 115.000000 28.500000 1.699000 25.000000 0
1.000000 89.000000 24.000000 19.000000 25.000000 27.800000 0.559000 21.000000 0
1.000000 109.000000 38.000000 18.000000 120.000000 23.100000 0.407000 26.000000 0
1.000000 108.000000 88.000000 19.000000 0.000000 27.100000 0.400000 24.000000 0
7.000000 150.000000 78.000000 29.000000 126.000000 35.200000 0.692000 54.000000 1
1.000000 124.000000 60.000000 32.000000 0.000000 35.800000 0.514000 21.000000 0
1.000000 181.000000 78.000000 42.000000 293.000000 40.000000 1.258000 22.000000 1
1.000000 92.000000 62.000000 25.000000 41.000000 19.500000 0.482000 25.000000 0
1.000000 111.000000 62.000000 13.000000 182.000000 24.000000 0.138000 23.000000 0
3.000000 106.000000 54.000000 21.000000 158.000000 30.900000 0.292000 24.000000 0
3.000000 174.000000 58.000000 22.000000 194.000000 32.900000 0.593000 36.000000 1
6.000000 105.000000 80.000000 28.000000 0.000000 32.500000 0.878000 26.000000 0
3.000000 106.000000 72.000000 0.000000 0.000000 25.800000 0.207000 27.000000 0
6.000000 117.000000 96.000000 0.000000 0.000000 28.700000 0.157000 30.000000 0
2.000000 68.000000 62.000000 13.000000 15.000000 20.100000 0.257000 23.000000 0
0.000000 119.000000 0.000000 0.000000 0.000000 32.400000 0.141000 24.000000 1
2.000000 92.000000 76.000000 20.000000 0.000000 24.200000 1.698000 28.000000 0
0.000000 94.000000 70.000000 27.000000 115.000000 43.500000 0.347000 21.000000 0
4.000000 90.000000 88.000000 47.000000 54.000000 37.700000 0.362000 29.000000 0
0.000000 132.000000 78.000000 0.000000 0.000000 32.400000 0.393000 21.000000 0
4.000000 94.000000 65.000000 22.000000 0.000000 24.700000 0.148000 21.000000 0
7.000000 114.000000 64.000000 0.000000 0.000000 27.400000 0.732000 34.000000 1
0.000000 102.000000 78.000000 40.000000 90.000000 34.500000 0.238000 24.000000 0
2.000000 111.000000 60.000000 0.000000 0.000000 26.200000 0.343000 23.000000 0
10.000000 92.000000 62.000000 0.000000 0.000000 25.900000 0.167000 31.000000 0
13.000000 104.000000 72.000000 0.000000 0.000000 31.200000 0.465000 38.000000 1
1.000000 100.000000 74.000000 12.000000 46.000000 19.500000 0.149000 28.000000 0
1.000000 167.000000 74.000000 17.000000 144.000000 23.400000 0.447000 33.000000 1
0.000000 179.000000 50.000000 36.000000 159.000000 37.800000 0.455000 22.000000 1
0.000000 107.000000 60.000000 25.000000 0.000000 26.400000 0.133000 23.000000 0
1.000000 106.000000 70.000000 28.000000 135.000000 34.200000 0.142000 22.000000 0
2.000000 101.000000 58.000000 35.000000 90.000000 21.800000 0.155000 22.000000 0
8.000000 167.000000 106.000000 46.000000 231.000000 37.600000 0.165000 43.000000 1
10.000000 111.000000 70.000000 27.000000 0.000000 27.500000 0.141000 40.000000 1
6.000000 98.000000 58.000000 33.000000 190.000000 34.000000 0.430000 43.000000 0
1.000000 99.000000 58.000000 10.000000 0.000000 25.400000 0.551000 21.000000 0
9.000000 156.000000 86.000000 0.000000 0.000000 24.800000 0.230000 53.000000 1
2.000000 101.000000 58.000000 17.000000 265.000000 24.200000 0.614000 23.000000 0
0.000000 95.000000 64.000000 39.000000 105.000000 44.600000 0.366000 22.000000 0
1.000000 107.000000 50.000000 19.000000 0.000000 28.300000 0.181000 29.000000 0
1.000000 140.000000 74.000000 26.000000 180.000000 24.100000 0.828000 23.000000 0
1.000000 144.000000 82.000000 46.000000 180.000000 46.100000 0.335000 46.000000 1
8.000000 107.000000 80.000000 0.000000 0.000000 24.600000 0.856000 34.000000 0
2.000000 90.000000 60.000000 0.000000 0.000000 23.500000 0.191000 25.000000 0
4.000000 127.000000 88.000000 11.000000 155.000000 34.500000 0.598000 28.000000 0
2.000000 122.000000 76.000000 27.000000 200.000000 35.900000 0.483000 26.000000 0
4.000000 110.000000 76.000000 20.000000 100.000000 28.400000 0.118000 27.000000 0
9.000000 164.000000 78.000000 0.000000 0.000000 32.800000 0.148000 45.000000 1
3.000000 158.000000 64.000000 13.000000 387.000000 31.200000 0.295000 24.000000 0
5.000000 126.000000 78.000000 27.000000 22.000000 29.600000 0.439000 40.000000 0
0.000000 134.000000 58.000000 20.000000 291.000000 26.400000 0.352000 21.000000 0
3.000000 102.000000 74.000000 0.000000 0.000000 29.500000 0.121000 32.000000 0
10.000000 94.000000 72.000000 18.000000 0.000000 23.100000 0.595000 56.000000 0
5.000000 97.000000 76.000000 27.000000 0.000000 35.600000 0.378000 52.000000 1
1.000000 114.000000 66.000000 36.000000 200.000000 38.100000 0.289000 21.000000 0
1.000000 149.000000 68.000000 29.000000 127.000000 29.300000 0.349000 42.000000 1
1.000000 116.000000 78.000000 29.000000 180.000000 36.100000 0.496000 25.000000 0
0.000000 141.000000 84.000000 26.000000 0.000000 32.400000 0.433000 22.000000 0
2.000000 106.000000 56.000000 27.000000 165.000000 29.000000 0.426000 22.000000 0
2.000000 105.000000 75.000000 0.000000 0.000000 23.300000 0.560000 53.000000 0
2.000000 99.000000 60.000000 17.000000 160.000000 36.600000 0.453000 21.000000 0
11.000000 120.000000 80.000000 37.000000 150.000000 42.300000 0.785000 48.000000 1
13.000000 153.000000 88.000000 37.000000 140.000000 40.600000 1.174000 39.000000 0
12.000000 100.000000 84.000000 33.000000 105.000000 30.000000 0.488000 46.000000 0
3.000000 187.000000 70.000000 22.000000 200.000000 36.400000 0.408000 36.000000 1
6.000000 162.000000 62.000000 0.000000 0.000000 24.300000 0.178000 50.000000 1
4.000000 136.000000 70.000000 0.000000 0.000000 31.200000 1.182000 22.000000 1
8.000000 154.000000 78.000000 32.000000 0.000000 32.400000 0.443000 45.000000 1
7.000000 137.000000 90.000000 41.000000 0.000000 32.000000 0.391000 39.000000 0
1.000000 106.000000 76.000000 0.000000 0.000000 37.500000 0.197000 26.000000 0
9.000000 170.000000 74.000000 31.000000 0.000000 44.000000 0.403000 43.000000 1
9.000000 89.000000 62.000000 0.000000 0.000000 22.500000 0.142000 33.000000 0
2.000000 122.000000 70.000000 27.000000 0.000000 36.800000 0.340000 27.000000 0
5.000000 121.000000 72.000000 23.000000 112.000000 26.200000 0.245000 30.000000 0
1.000000 93.000000 70.000000 31.000000 0.000000 30.400000 0.315000 23.000000 0
