5.000000 1.000000 1.000000 1.000000 2.000000 1.000000 3.000000 1.000000 1.000000 2
3.000000 1.000000 1.000000 1.000000 2.000000 2.000000 3.000000 1.000000 1.000000 2
4.000000 1.000000 1.000000 3.000000 2.000000 1.000000 3.000000 1.000000 1.000000 2
2.000000 1.000000 2.000000 1.000000 2.000000 1.000000 3.000000 1.000000 1.000000 2
2.000000 1.000000 1.000000 1.000000 2.000000 1.000000 1.000000 1.000000 5.000000 2
1.000000 1.000000 1.000000 1.000000 1.000000 1.000000 3.000000 1.000000 1.000000 2
2.000000 1.000000 1.000000 1.000000 2.000000 1.000000 2.000000 1.000000 1.000000 2
5.000000 2.000000 3.000000 4.000000 2.000000 7.000000 3.000000 6.000000 1.000000 4
3.000000 2.000000 1.000000 1.000000 1.000000 1.000000 2.000000 1.000000 1.000000 2
5.000000 1.000000 1.000000 1.000000 2.000000 1.000000 2.000000 1.000000 1.000000 2
6.000000 2.000000 1.000000 1.000000 1.000000 1.000000 7.000000 1.000000 1.000000 2
5.000000 4.000000 4.000000 9.000000 2.000000 10.000000 5.000000 6.000000 1.000000 4
10.000000 4.000000 3.000000 1.000000 3.000000 3.000000 6.000000 5.000000 2.000000 4
5.000000 6.000000 5.000000 6.000000 10.000000 1.000000 3.000000 1.000000 1.000000 4
10.000000 10.000000 10.000000 4.000000 8.000000 1.000000 8.000000 10.000000 1.000000 4
3.000000 7.000000 7.000000 4.000000 4.000000 9.000000 4.000000 8.000000 1.000000 4
1.000000 1.000000 1.000000 1.000000 2.000000 1.000000 2.000000 1.000000 1.000000 2
7.000000 8.000000 7.000000 2.000000 4.000000 8.000000 3.000000 8.000000 2.000000 4
9.000000 5.000000 8.000000 1.000000 2.000000 3.000000 2.000000 1.000000 5.000000 4
10.000000 3.000000 6.000000 2.000000 3.000000 5.000000 4.000000 10.000000 2.000000 4
9.000000 5.000000 5.000000 2.000000 2.000000 2.000000 5.000000 1.000000 1.000000 4
9.000000 10.000000 10.000000 1.000000 10.000000 8.000000 3.000000 3.000000 1.000000 4
4.000000 1.000000 1.000000 1.000000 2.000000 1.000000 3.000000 1.000000 1.000000 2
5.000000 3.000000 4.000000 1.000000 8.000000 10.000000 4.000000 9.000000 1.000000 4
1.000000 1.000000 1.000000 1.000000 2.000000 1.000000 3.000000 2.000000 1.000000 2
1.000000 3.000000 3.000000 2.000000 2.000000 1.000000 7.000000 2.000000 1.000000 2
1.000000 1.000000 4.000000 1.000000 2.000000 1.000000 2.000000 1.000000 1.000000 2
4.000000 1.000000 1.000000 2.000000 2.000000 1.000000 2.000000 1.000000 1.000000 2
5.000000 2.000000 1.000000 1.000000 2.000000 1.000000 3.000000 1.000000 1.000000 2
3.000000 5.000000 7.000000 8.000000 8.000000 9.000000 7.000000 10.000000 7.000000 4
3.000000 6.000000 6.000000 6.000000 5.000000 10.000000 6.000000 8.000000 3.000000 4
3.000000 1.000000 1.000000 2.000000 2.000000 1.000000 1.000000 1.000000 1.000000 2
5.000000 1.000000 1.000000 1.000000 2.000000 1.000000 3.000000 1.000000 1.000000 2
9.000000 6.000000 9.000000 2.000000 10.000000 6.000000 2.000000 9.000000 10.000000 4
10.000000 3.000000 5.000000 1.000000 10.000000 5.000000 3.000000 10.000000 2.000000 4
1.000000 1.000000 1.000000 1.000000 2.000000 1.000000 2.000000 3.000000 1.000000 2
3.000000 3.000000 2.000000 1.000000 2.000000 3.000000 3.000000 1.000000 1.000000 2
1.000000 1.000000 2.000000 2.000000 2.000000 1.000000 3.000000 1.000000 1.000000 2
10.000000 10.000000 10.000000 2.000000 10.000000 10.000000 5.000000 3.000000 3.000000 4
5.000000 4.000000 6.000000 7.000000 9.000000 7.000000 8.000000 10.000000 1.000000 4
3.000000 1.000000 1.000000 1.000000 2.000000 1.000000 3.000000 1.000000 1.000000 2
3.000000 1.000000 1.000000 1.000000 2.000000 1.000000 2.000000 2.000000 1.000000 2
4.000000 1.000000 2.000000 1.000000 2.000000 1.000000 2.000000 1.000000 1.000000 2
1.000000 1.000000 1.000000 1.000000 1.000000 3.000000 2.000000 1.000000 1.000000 2
3.000000 1.000000 1.000000 1.000000 2.000000 1.000000 1.000000 1.000000 1.000000 2
2.000000 1.000000 1.000000 1.000000 2.000000 1.000000 1.000000 1.000000 1.000000 2
9.000000 5.000000 5.000000 4.000000 4.000000 5.000000 4.000000 3.000000 3.000000 4
1.000000 1.000000 1.000000 1.000000 1.000000 1.000000 3.000000 1.000000 1.000000 2
5.000000 5.000000 5.000000 6.000000 3.000000 10.000000 3.000000 1.000000 1.000000 4
5.000000 1.000000 1.000000 1.000000 2.000000 3.000000 3.000000 1.000000 1.000000 2
4.000000 1.000000 1.000000 1.000000 2.000000 2.000000 3.000000 2.000000 1.000000 2
5.000000 6.000000 7.000000 8.000000 8.000000 10.000000 3.000000 10.000000 3.000000 4
1.000000 1.000000 1.000000 2.000000 1.000000 1.000000 1.000000 1.000000 1.000000 2
8.000000 6.000000 5.000000 4.000000 3.000000 10.000000 6.000000 1.000000 1.000000 4
2.000000 1.000000 1.000000 1.000000 2.000000 1.000000 3.000000 1.000000 1.000000 2
4.000000 1.000000 1.000000 1.000000 2.000000 1.000000 3.000000 1.000000 1.000000 2
1.000000 1.000000 1.000000 1.000000 2.000000 1.000000 1.000000 1.000000 1.000000 2
8.000000 7.000000 6.000000 4.000000 4.000000 10.000000 5.000000 1.000000 1.000000 4
10.000000 5.000000 6.000000 10.000000 6.000000 10.000000 7.000000 7.000000 10.000000 4
5.000000 8.000000 4.000000 10.000000 5.000000 8.000000 9.000000 10.000000 1.000000 4
10.000000 10.000000 10.000000 8.000000 6.000000 8.000000 7.000000 10.000000 1.000000 4
7.000000 5.000000 10.000000 10.000000 10.000000 10.000000 4.000000 10.000000 3.000000 4
5.000000 1.000000 1.000000 1.000000 2.000000 1.000000 2.000000 1.000000 1.000000 2
1.000000 1.000000 1.000000 1.000000 2.000000 1.000000 3.000000 1.000000 1.000000 2
3.000000 1.000000 1.000000 1.000000 2.000000 1.000000 3.000000 1.000000 1.000000 2
4.000000 1.000000 1.000000 1.000000 2.000000 1.000000 3.000000 1.000000 1.000000 2
8.000000 4.000000 4.000000 5.000000 4.000000 7.000000 7.000000 8.000000 2.000000 2
9.000000 7.000000 7.000000 5.000000 5.000000 10.000000 7.000000 8.000000 3.000000 4
10.000000 10.000000 9.000000 3.000000 7.000000 5.000000 3.000000 5.000000 1.000000 4
1.000000 1.000000 1.000000 1.000000 1.000000 1.000000 3.000000 1.000000 1.000000 2
5.000000 1.000000 1.000000 1.000000 1.000000 1.000000 3.000000 1.000000 1.000000 2
1.000000 1.000000 1.000000 1.000000 2.000000 1.000000 3.000000 1.000000 1.000000 2
1.000000 1.000000 1.000000 1.000000 2.000000 1.000000 3.000000 1.000000 1.000000 2
6.000000 10.000000 7.000000 7.000000 6.000000 4.000000 8.000000 10.000000 2.000000 4
6.000000 1.000000 3.000000 1.000000 2.000000 1.000000 3.000000 1.000000 1.000000 2
1.000000 1.000000 1.000000 1.000000 2.000000 1.000000 2.000000 1.000000 1.000000 2
1.000000 1.000000 1.000000 1.000000 1.000000 1.000000 3.000000 1.000000 1.000000 2
8.000000 4.000000 6.000000 3.000000 3.000000 1.000000 4.000000 3.000000 1.000000 2
10.000000 4.000000 5.000000 5.000000 5.000000 10.000000 4.000000 1.000000 1.000000 4
8.000000 10.000000 10.000000 8.000000 6.000000 9.000000 3.000000 10.000000 10.000000 4
10.000000 4.000000 3.000000 2.000000 3.000000 10.000000 5.000000 3.000000 2.000000 4
3.000000 1.000000 1.000000 3.000000 1.000000 1.000000 3.000000 1.000000 1.000000 2
2.000000 1.000000 1.000000 1.000000 2.000000 1.000000 3.000000 1.000000 1.000000 2
5.000000 1.000000 1.000000 2.000000 2.000000 2.000000 3.000000 1.000000 1.000000 2
3.000000 1.000000 1.000000 1.000000 2.000000 3.000000 3.000000 1.000000 1.000000 2
10.000000 4.000000 4.000000 10.000000 2.000000 10.000000 5.000000 3.000000 3.000000 4
6.000000 10.000000 10.000000 2.000000 8.000000 10.000000 7.000000 3.000000 3.000000 4
3.000000 1.000000 1.000000 1.000000 2.000000 1.000000 1.000000 1.000000 1.000000 2
5.000000 7.000000 7.000000 1.000000 5.000000 8.000000 3.000000 4.000000 1.000000 2
8.000000 8.000000 9.000000 4.000000 5.000000 10.000000 7.000000 8.000000 1.000000 4
10.000000 4.000000 4.000000 10.000000 6.000000 10.000000 5.000000 5.000000 1.000000 4
1.000000 1.000000 1.000000 1.000000 2.000000 1.000000 3.000000 1.000000 1.000000 2
5.000000 1.000000 1.000000 1.000000 2.000000 1.000000 3.000000 1.000000 1.000000 2
7.000000 2.000000 4.000000 1.000000 3.000000 4.000000 3.000000 3.000000 1.000000 4
1.000000 1.000000 1.000000 1.000000 2.000000 1.000000 2.000000 1.000000 1.000000 2
1.000000 1.000000 1.000000 1.000000 2.000000 1.000000 3.000000 1.000000 1.000000 2
10.000000 10.000000 10.000000 10.000000 10.000000 10.000000 4.000000 10.000000 10.000000 4
3.000000 1.000000 1.000000 1.000000 3.000000 1.000000 2.000000 1.000000 1.000000 2
1.000000 1.000000 1.000000 1.000000 2.000000 1.000000 3.000000 1.000000 1.000000 2
8.000000 3.000000 4.000000 9.000000 3.000000 10.000000 3.000000 3.000000 1.000000 4
1.000000 1.000000 1.000000 1.000000 2.000000 1.000000 3.000000 1.000000 1.000000 2
1.000000 1.000000 1.000000 1.000000 2.000000 1.000000 1.000000 1.000000 1.000000 2
8.000000 6.000000 4.000000 10.000000 10.000000 1.000000 3.000000 5.000000 1.000000 4
1.000000 1.000000 1.000000 1.000000 2.000000 1.000000 1.000000 1.000000 1.000000 2
1.000000 1.000000 1.000000 1.000000 1.000000 1.000000 2.000000 1.000000 1.000000 2
6.000000 8.000000 7.000000 8.000000 6.000000 8.000000 8.000000 9.000000 1.000000 4
4.000000 4.000000 4.000000 4.000000 6.000000 5.000000 7.000000 3.000000 1.000000 2
10.000000 4.000000 6.000000 4.000000 5.000000 10.000000 7.000000 1.000000 1.000000 4
5.000000 2.000000 2.000000 2.000000 2.000000 1.000000 2.000000 2.000000 1.000000 2
1.000000 1.000000 1.000000 1.000000 1.000000 1.000000 1.000000 3.000000 1.000000 2
3.000000 4.000000 4.000000 10.000000 5.000000 1.000000 3.000000 3.000000 1.000000 4
5.000000 1.000000 1.000000 3.000000 2.000000 1.000000 1.000000 1.000000 1.000000 2
2.000000 7.000000 10.000000 10.000000 7.000000 10.000000 4.000000 9.000000 4.000000 4
8.000000 10.000000 10.000000 7.000000 10.000000 10.000000 7.000000 3.000000 8.000000 4
3.000000 2.000000 2.000000 1.000000 4.000000 3.000000 2.000000 1.000000 1.000000 2
2.000000 1.000000 1.000000 1.000000 2.000000 1.000000 2.000000 1.000000 1.000000 2
6.000000 10.000000 10.000000 10.000000 8.000000 10.000000 7.000000 10.000000 7.000000 4
5.000000 8.000000 8.000000 10.000000 5.000000 10.000000 8.000000 10.000000 3.000000 4
1.000000 1.000000 3.000000 1.000000 2.000000 1.000000 1.000000 1.000000 1.000000 2
1.000000 1.000000 3.000000 1.000000 1.000000 1.000000 2.000000 1.000000 1.000000 2
4.000000 3.000000 2.000000 1.000000 3.000000 1.000000 2.000000 1.000000 1.000000 2
1.000000 1.000000 1.000000 1.000000 1.000000 1.000000 2.000000 1.000000 1.000000 2
5.000000 3.000000 4.000000 1.000000 4.000000 1.000000 3.000000 1.000000 1.000000 2
10.000000 6.000000 3.000000 6.000000 4.000000 10.000000 7.000000 8.000000 4.000000 4
3.000000 2.000000 2.000000 2.000000 2.000000 1.000000 3.000000 2.000000 1.000000 2
2.000000 1.000000 1.000000 1.000000 2.000000 1.000000 1.000000 1.000000 1.000000 2
2.000000 1.000000 1.000000 1.000000 2.000000 1.000000 2.000000 2.000000 1.000000 2
1.000000 1.000000 1.000000 2.000000 2.000000 1.000000 2.000000 1.000000 1.000000 2
10.000000 8.000000 7.000000 4.000000 3.000000 10.000000 7.000000 9.000000 1.000000 4
1.000000 1.000000 1.000000 1.000000 1.000000 1.000000 1.000000 1.000000 1.000000 2
4.000000 1.000000 1.000000 1.000000 2.000000 1.000000 1.000000 1.000000 1.000000 2
1.000000 2.000000 1.000000 3.000000 2.000000 1.000000 1.000000 2.000000 1.000000 2
3.000000 1.000000 2.000000 1.000000 2.000000 1.000000 2.000000 1.000000 1.000000 2
1.000000 1.000000 1.000000 1.000000 1.000000 3.000000 2.000000 1.000000 1.000000 2
1.000000 1.000000 1.000000 1.000000 2.000000 1.000000 2.000000 1.000000 1.000000 2
4.000000 3.000000 3.000000 1.000000 2.000000 1.000000 3.000000 3.000000 1.000000 2
5.000000 1.000000 3.000000 1.000000 2.000000 1.000000 2.000000 1.000000 1.000000 2
3.000000 1.000000 1.000000 1.000000 2.000000 1.000000 1.000000 1.000000 1.000000 2
9.000000 10.000000 10.000000 10.000000 10.000000 10.000000 10.000000 10.000000 1.000000 4
5.000000 3.000000 6.000000 1.000000 2.000000 1.000000 1.000000 1.000000 1.000000 2
3.000000 2.000000 2.000000 3.000000 2.000000 1.000000 1.000000 1.000000 1.000000 2
10.000000 8.000000 10.000000 1.000000 3.000000 10.000000 5.000000 1.000000 1.000000 4
10.000000 10.000000 10.000000 1.000000 6.000000 1.000000 2.000000 8.000000 1.000000 4
5.000000 1.000000 1.000000 1.000000 2.000000 1.000000 1.000000 1.000000 1.000000 2
10.000000 4.000000 3.000000 10.000000 4.000000 10.000000 10.000000 1.000000 1.000000 4
5.000000 1.000000 1.000000 6.000000 3.000000 1.000000 2.000000 1.000000 1.000000 2
1.000000 1.000000 1.000000 1.000000 2.000000 1.000000 1.000000 1.000000 1.000000 2
5.000000 7.000000 9.000000 8.000000 6.000000 10.000000 8.000000 10.000000 1.000000 4
4.000000 5.000000 5.000000 8.000000 6.000000 10.000000 10.000000 7.000000 1.000000 4
2.000000 3.000000 1.000000 1.000000 3.000000 1.000000 1.000000 1.000000 1.000000 2
10.000000 2.000000 2.000000 1.000000 2.000000 6.000000 1.000000 1.000000 2.000000 4
8.000000 8.000000 9.000000 6.000000 6.000000 3.000000 10.000000 10.000000 1.000000 4
3.000000 1.000000 1.000000 1.000000 2.000000 5.000000 1.000000 1.000000 1.000000 2
10.000000 6.000000 6.000000 2.000000 4.000000 10.000000 9.000000 7.000000 1.000000 4
6.000000 6.000000 6.000000 5.000000 4.000000 10.000000 7.000000 6.000000 2.000000 4
6.000000 1.000000 1.000000 1.000000 1.000000 1.000000 1.000000 1.000000 1.000000 2
5.000000 1.000000 1.000000 1.000000 2.000000 1.000000 1.000000 1.000000 1.000000 2
4.000000 1.000000 1.000000 1.000000 2.000000 1.000000 1.000000 1.000000 1.000000 2
5.000000 2.000000 1.000000 1.000000 2.000000 1.000000 1.000000 1.000000 1.000000 2
4.000000 8.000000 7.000000 10.000000 4.000000 10.000000 7.000000 5.000000 1.000000 4
3.000000 6.000000 4.000000 10.000000 3.000000 3.000000 3.000000 4.000000 1.000000 4
5.000000 10.000000 10.000000 10.000000 6.000000 10.000000 6.000000 5.000000 2.000000 4
5.000000 1.000000 2.000000 10.000000 4.000000 5.000000 2.000000 1.000000 1.000000 2
3.000000 1.000000 1.000000 1.000000 1.000000 1.000000 2.000000 1.000000 1.000000 2
1.000000 1.000000 1.000000 1.000000 1.000000 1.000000 1.000000 1.000000 1.000000 2
4.000000 1.000000 1.000000 1.000000 2.000000 1.000000 2.000000 1.000000 1.000000 2
4.000000 1.000000 1.000000 2.000000 2.000000 1.000000 2.000000 1.000000 1.000000 2
3.000000 3.000000 1.000000 1.000000 2.000000 1.000000 1.000000 1.000000 1.000000 2
5.000000 1.000000 1.000000 1.000000 2.000000 1.000000 1.000000 1.000000 1.000000 2
4.000000 10.000000 4.000000 7.000000 3.000000 10.000000 9.000000 10.000000 1.000000 4
3.000000 1.000000 2.000000 2.000000 2.000000 1.000000 1.000000 1.000000 1.000000 2
4.000000 1.000000 1.000000 1.000000 3.000000 1.000000 1.000000 1.000000 1.000000 2
10.000000 4.000000 5.000000 4.000000 3.000000 5.000000 7.000000 3.000000 1.000000 4
7.000000 5.000000 6.000000 10.000000 4.000000 10.000000 5.000000 3.000000 1.000000 4
3.000000 1.000000 1.000000 1.000000 2.000000 1.000000 2.000000 1.000000 1.000000 2
5.000000 1.000000 1.000000 1.000000 2.000000 1.000000 3.000000 1.000000 1.000000 2
4.000000 1.000000 1.000000 1.000000 2.000000 1.000000 2.000000 1.000000 1.000000 2
4.000000 1.000000 1.000000 1.000000 2.000000 1.000000 2.000000 1.000000 1.000000 2
2.000000 1.000000 3.000000 2.000000 2.000000 1.000000 2.000000 1.000000 1.000000 2
6.000000 10.000000 10.000000 10.000000 4.000000 10.000000 7.000000 10.000000 1.000000 4
2.000000 1.000000 1.000000 1.000000 1.000000 1.000000 1.000000 1.000000 1.000000 2
1.000000 1.000000 1.000000 1.000000 2.000000 1.000000 3.000000 1.000000 1.000000 2
3.000000 1.000000 1.000000 1.000000 2.000000 1.000000 1.000000 1.000000 1.000000 2
1.000000 1.000000 1.000000 1.000000 2.000000 1.000000 3.000000 1.000000 1.000000 2
4.000000 1.000000 1.000000 1.000000 2.000000 1.000000 3.000000 2.000000 1.000000 2
8.000000 10.000000 4.000000 4.000000 8.000000 10.000000 8.000000 2.000000 1.000000 4
1.000000 1.000000 1.000000 1.000000 2.000000 1.000000 2.000000 1.000000 1.000000 2
10.000000 9.000000 7.000000 3.000000 4.000000 2.000000 7.000000 7.000000 1.000000 4
1.000000 1.000000 1.000000 1.000000 2.000000 1.000000 2.000000 1.000000 1.000000 2
6.000000 10.000000 5.000000 5.000000 4.000000 10.000000 6.000000 10.000000 1.000000 4
1.000000 1.000000 1.000000 1.000000 2.000000 1.000000 1.000000 1.000000 1.000000 2
8.000000 10.000000 10.000000 10.000000 6.000000 10.000000 10.000000 10.000000 1.000000 4
5.000000 1.000000 1.000000 1.000000 2.000000 1.000000 2.000000 2.000000 1.000000 2
9.000000 8.000000 8.000000 9.000000 6.000000 3.000000 4.000000 1.000000 1.000000 4
5.000000 1.000000 1.000000 1.000000 2.000000 1.000000 1.000000 1.000000 1.000000 2
2.000000 5.000000 7.000000 6.000000 4.000000 10.000000 7.000000 6.000000 1.000000 4
5.000000 1.000000 2.000000 1.000000 2.000000 1.000000 1.000000 1.000000 1.000000 2
4.000000 1.000000 2.000000 1.000000 2.000000 1.000000 2.000000 1.000000 1.000000 2
1.000000 1.000000 1.000000 1.000000 1.000000 1.000000 2.000000 1.000000 1.000000 2
5.000000 4.000000 6.000000 8.000000 4.000000 1.000000 8.000000 10.000000 1.000000 4
10.000000 5.000000 10.000000 3.000000 5.000000 8.000000 7.000000 8.000000 3.000000 4
10.000000 4.000000 3.000000 10.000000 3.000000 10.000000 7.000000 1.000000 2.000000 4
5.000000 10.000000 10.000000 10.000000 5.000000 2.000000 8.000000 5.000000 1.000000 4
2.000000 1.000000 1.000000 1.000000 1.000000 1.000000 2.000000 1.000000 1.000000 2
4.000000 1.000000 3.000000 1.000000 2.000000 1.000000 2.000000 1.000000 1.000000 2
1.000000 1.000000 1.000000 1.000000 1.000000 3.000000 1.000000 1.000000 1.000000 2
4.000000 1.000000 1.000000 1.000000 2.000000 1.000000 2.000000 1.000000 1.000000 2
3.000000 1.000000 3.000000 1.000000 3.000000 4.000000 1.000000 1.000000 1.000000 2
2.000000 1.000000 1.000000 1.000000 2.000000 1.000000 1.000000 1.000000 1.000000 2
6.000000 2.000000 3.000000 1.000000 2.000000 1.000000 1.000000 1.000000 1.000000 2
8.000000 7.000000 4.000000 4.000000 5.000000 3.000000 5.000000 10.000000 1.000000 4
5.000000 1.000000 1.000000 3.000000 2.000000 1.000000 1.000000 1.000000 1.000000 2
1.000000 1.000000 1.000000 1.000000 2.000000 1.000000 1.000000 1.000000 1.000000 2
1.000000 2.000000 2.000000 1.000000 2.000000 1.000000 1.000000 1.000000 1.000000 2
3.000000 1.000000 1.000000 1.000000 2.000000 1.000000 2.000000 1.000000 1.000000 2
3.000000 1.000000 1.000000 2.000000 3.000000 4.000000 1.000000 1.000000 1.000000 2
1.000000 2.000000 1.000000 3.000000 2.000000 1.000000 2.000000 1.000000 1.000000 2
4.000000 1.000000 1.000000 1.000000 2.000000 1.000000 2.000000 1.000000 1.000000 2
5.000000 4.000000 5.000000 1.000000 8.000000 1.000000 3.000000 6.000000 1.000000 2
7.000000 8.000000 8.000000 7.000000 3.000000 10.000000 7.000000 2.000000 3.000000 4
1.000000 1.000000 1.000000 1.000000 2.000000 1.000000 1.000000 1.000000 1.000000 2
4.000000 1.000000 1.000000 1.000000 2.000000 1.000000 3.000000 1.000000 1.000000 2
1.000000 1.000000 3.000000 1.000000 2.000000 1.000000 2.000000 1.000000 1.000000 2
1.000000 1.000000 1.000000 1.000000 2.000000 1.000000 1.000000 1.000000 1.000000 2
2.000000 1.000000 1.000000 1.000000 2.000000 1.000000 3.000000 1.000000 1.000000 2
4.000000 1.000000 4.000000 1.000000 2.000000 1.000000 1.000000 1.000000 1.000000 2
5.000000 1.000000 1.000000 1.000000 2.000000 1.000000 1.000000 1.000000 1.000000 2
2.000000 1.000000 1.000000 1.000000 2.000000 1.000000 1.000000 1.000000 1.000000 2
5.000000 10.000000 10.000000 10.000000 4.000000 10.000000 5.000000 6.000000 3.000000 4
4.000000 1.000000 1.000000 1.000000 2.000000 1.000000 1.000000 1.000000 1.000000 2
1.000000 1.000000 1.000000 1.000000 2.000000 1.000000 1.000000 1.000000 8.000000 2
3.000000 1.000000 1.000000 1.000000 2.000000 1.000000 1.000000 1.000000 1.000000 2
3.000000 1.000000 1.000000 1.000000 2.000000 1.000000 2.000000 1.000000 2.000000 2
